[*] Running ...
[*] Dataset loaded: E:\Coding\pythonProject\llm4contract\problems\online_contract_edgeAI\dataset\train_01.pkl with 3 instances.
→ Best principal utility: 0.0006193891649213826
D:\Software\anaconda3\envs\llm4contract\lib\site-packages\sklearn\cluster\_kmeans.py:1419: UserWarning: KMeans is known to have a memory leak on Windows with MKL, when there are less chunks than available threads. You can avoid it by setting the environment variable OMP_NUM_THREADS=1.
  warnings.warn(
The running time is：0.9310 seconds
The inferred contract is [[0.00000000e+000 0.00000000e+000 0.00000000e+000 0.00000000e+000
  0.00000000e+000 0.00000000e+000 0.00000000e+000 1.14440643e-001
  0.00000000e+000 0.00000000e+000 8.85559357e-001 0.00000000e+000
  6.60804874e-004]
 [0.00000000e+000 0.00000000e+000 3.76628953e-057 0.00000000e+000
  0.00000000e+000 0.00000000e+000 0.00000000e+000 1.10157768e-145
  0.00000000e+000 1.23594255e-001 0.00000000e+000 8.76405745e-001
  0.00000000e+000]
 [0.00000000e+000 0.00000000e+000 0.00000000e+000 0.00000000e+000
  0.00000000e+000 0.00000000e+000 0.00000000e+000 0.00000000e+000
  8.13002884e-001 0.00000000e+000 0.00000000e+000 1.86997116e-001
  5.45234432e-004]
 [0.00000000e+000 0.00000000e+000 0.00000000e+000 0.00000000e+000
  0.00000000e+000 0.00000000e+000 0.00000000e+000 0.00000000e+000
  0.00000000e+000 8.53584626e-001 0.00000000e+000 1.46415374e-001
  0.00000000e+000]
 [0.00000000e+000 0.00000000e+000 1.05589069e-258 0.00000000e+000
  0.00000000e+000 0.00000000e+000 9.54482347e-001 0.00000000e+000
  0.00000000e+000 0.00000000e+000 0.00000000e+000 4.55176526e-002
  4.58920852e-004]
 [0.00000000e+000 0.00000000e+000 7.45782896e-220 0.00000000e+000
  0.00000000e+000 0.00000000e+000 0.00000000e+000 6.13709040e-001
  0.00000000e+000 0.00000000e+000 0.00000000e+000 3.86290960e-001
  0.00000000e+000]
 [0.00000000e+000 0.00000000e+000 6.18488864e-064 0.00000000e+000
  0.00000000e+000 0.00000000e+000 0.00000000e+000 2.05619964e-152
  4.17460913e-001 0.00000000e+000 0.00000000e+000 5.82539087e-001
  0.00000000e+000]
 [0.00000000e+000 0.00000000e+000 4.70193740e-079 0.00000000e+000
  0.00000000e+000 0.00000000e+000 0.00000000e+000 4.53924944e-167
  0.00000000e+000 0.00000000e+000 3.13498930e-001 6.86501070e-001
  0.00000000e+000]
 [0.00000000e+000 0.00000000e+000 0.00000000e+000 0.00000000e+000
  0.00000000e+000 0.00000000e+000 0.00000000e+000 5.51589372e-001
  0.00000000e+000 0.00000000e+000 4.48410628e-001 0.00000000e+000
  6.04878376e-004]
 [0.00000000e+000 0.00000000e+000 0.00000000e+000 0.00000000e+000
  0.00000000e+000 0.00000000e+000 5.70821071e-001 0.00000000e+000
  0.00000000e+000 0.00000000e+000 4.29178929e-001 2.79049644e-058
  0.00000000e+000]
 [0.00000000e+000 0.00000000e+000 0.00000000e+000 0.00000000e+000
  0.00000000e+000 5.95741956e-001 0.00000000e+000 0.00000000e+000
  0.00000000e+000 0.00000000e+000 0.00000000e+000 4.04258044e-001
  4.75814822e-004]
 [0.00000000e+000 0.00000000e+000 8.80007311e-094 0.00000000e+000
  0.00000000e+000 0.00000000e+000 0.00000000e+000 7.79903120e-182
  0.00000000e+000 5.34457974e-001 0.00000000e+000 4.65542026e-001
  0.00000000e+000]
 [0.00000000e+000 0.00000000e+000 0.00000000e+000 0.00000000e+000
  0.00000000e+000 0.00000000e+000 0.00000000e+000 0.00000000e+000
  0.00000000e+000 0.00000000e+000 7.55140304e-001 2.44859696e-001
  0.00000000e+000]
 [0.00000000e+000 0.00000000e+000 0.00000000e+000 0.00000000e+000
  4.67039608e-001 0.00000000e+000 0.00000000e+000 0.00000000e+000
  0.00000000e+000 0.00000000e+000 0.00000000e+000 5.32960392e-001
  5.42349205e-004]
 [0.00000000e+000 0.00000000e+000 0.00000000e+000 0.00000000e+000
  0.00000000e+000 0.00000000e+000 0.00000000e+000 4.02868874e-001
  0.00000000e+000 5.97131126e-001 0.00000000e+000 0.00000000e+000
  5.16540161e-004]
 [0.00000000e+000 0.00000000e+000 8.50874760e-269 0.00000000e+000
  0.00000000e+000 0.00000000e+000 5.29016029e-001 0.00000000e+000
  0.00000000e+000 0.00000000e+000 0.00000000e+000 4.70983971e-001
  0.00000000e+000]
 [0.00000000e+000 0.00000000e+000 1.25087005e-103 0.00000000e+000
  0.00000000e+000 0.00000000e+000 0.00000000e+000 2.65334244e-001
  0.00000000e+000 0.00000000e+000 0.00000000e+000 7.34665756e-001
  0.00000000e+000]
 [0.00000000e+000 0.00000000e+000 6.33129457e-003 0.00000000e+000
  0.00000000e+000 0.00000000e+000 0.00000000e+000 1.04059281e-002
  0.00000000e+000 0.00000000e+000 0.00000000e+000 9.83262777e-001
  5.06426749e-004]
 [4.07116509e-001 0.00000000e+000 0.00000000e+000 0.00000000e+000
  0.00000000e+000 0.00000000e+000 0.00000000e+000 0.00000000e+000
  0.00000000e+000 0.00000000e+000 0.00000000e+000 5.92883491e-001
  3.93702462e-004]
 [0.00000000e+000 0.00000000e+000 0.00000000e+000 0.00000000e+000
  0.00000000e+000 0.00000000e+000 0.00000000e+000 0.00000000e+000
  3.42547189e-001 0.00000000e+000 6.57452811e-001 2.60698216e-029
  5.52626822e-004]
 [0.00000000e+000 0.00000000e+000 0.00000000e+000 0.00000000e+000
  3.77482292e-001 0.00000000e+000 0.00000000e+000 0.00000000e+000
  0.00000000e+000 6.22517708e-001 0.00000000e+000 0.00000000e+000
  5.12330308e-004]
 [0.00000000e+000 0.00000000e+000 2.73436003e-113 0.00000000e+000
  0.00000000e+000 0.00000000e+000 0.00000000e+000 7.74096734e-201
  0.00000000e+000 4.36394715e-001 0.00000000e+000 5.63605285e-001
  0.00000000e+000]
 [0.00000000e+000 0.00000000e+000 0.00000000e+000 0.00000000e+000
  0.00000000e+000 0.00000000e+000 0.00000000e+000 0.00000000e+000
  0.00000000e+000 0.00000000e+000 5.41715728e-001 4.58284272e-001
  0.00000000e+000]
 [0.00000000e+000 0.00000000e+000 0.00000000e+000 0.00000000e+000
  0.00000000e+000 0.00000000e+000 0.00000000e+000 8.70462819e-001
  0.00000000e+000 0.00000000e+000 0.00000000e+000 1.29537181e-001
  4.88642362e-004]
 [0.00000000e+000 0.00000000e+000 0.00000000e+000 0.00000000e+000
  0.00000000e+000 0.00000000e+000 0.00000000e+000 0.00000000e+000
  3.04472859e-001 6.95527141e-001 0.00000000e+000 0.00000000e+000
  6.61789828e-004]
 [0.00000000e+000 0.00000000e+000 0.00000000e+000 0.00000000e+000
  0.00000000e+000 0.00000000e+000 0.00000000e+000 0.00000000e+000
  7.22890569e-001 0.00000000e+000 0.00000000e+000 2.77109431e-001
  0.00000000e+000]
 [0.00000000e+000 0.00000000e+000 8.18890482e-060 0.00000000e+000
  2.33722179e-001 0.00000000e+000 0.00000000e+000 2.63763143e-148
  0.00000000e+000 0.00000000e+000 0.00000000e+000 7.66277821e-001
  7.05248290e-004]
 [0.00000000e+000 0.00000000e+000 0.00000000e+000 0.00000000e+000
  0.00000000e+000 0.00000000e+000 4.83168580e-001 0.00000000e+000
  0.00000000e+000 0.00000000e+000 5.16831420e-001 5.79702605e-056
  0.00000000e+000]
 [0.00000000e+000 0.00000000e+000 0.00000000e+000 0.00000000e+000
  0.00000000e+000 0.00000000e+000 1.65594376e-001 0.00000000e+000
  0.00000000e+000 0.00000000e+000 8.34405624e-001 0.00000000e+000
  0.00000000e+000]
 [0.00000000e+000 0.00000000e+000 0.00000000e+000 0.00000000e+000
  0.00000000e+000 2.56232570e-001 0.00000000e+000 0.00000000e+000
  0.00000000e+000 0.00000000e+000 7.43767430e-001 0.00000000e+000
  5.75488827e-004]
 [0.00000000e+000 0.00000000e+000 1.95575607e-114 0.00000000e+000
  0.00000000e+000 0.00000000e+000 0.00000000e+000 1.70071124e-200
  0.00000000e+000 0.00000000e+000 1.92092631e-001 8.07907369e-001
  0.00000000e+000]
 [0.00000000e+000 0.00000000e+000 0.00000000e+000 0.00000000e+000
  0.00000000e+000 0.00000000e+000 0.00000000e+000 0.00000000e+000
  0.00000000e+000 7.64313772e-001 0.00000000e+000 2.35686228e-001
  0.00000000e+000]
 [1.79356065e-001 0.00000000e+000 0.00000000e+000 0.00000000e+000
  0.00000000e+000 0.00000000e+000 0.00000000e+000 0.00000000e+000
  8.20643935e-001 0.00000000e+000 0.00000000e+000 0.00000000e+000
  3.62869243e-004]
 [0.00000000e+000 0.00000000e+000 0.00000000e+000 0.00000000e+000
  0.00000000e+000 0.00000000e+000 0.00000000e+000 0.00000000e+000
  0.00000000e+000 0.00000000e+000 8.97387784e-001 1.02612216e-001
  0.00000000e+000]
 [0.00000000e+000 0.00000000e+000 0.00000000e+000 0.00000000e+000
  0.00000000e+000 2.70129757e-001 0.00000000e+000 0.00000000e+000
  0.00000000e+000 7.29870243e-001 0.00000000e+000 0.00000000e+000
  5.26016076e-004]
 [0.00000000e+000 0.00000000e+000 8.83411697e-199 0.00000000e+000
  0.00000000e+000 0.00000000e+000 0.00000000e+000 3.82891271e-001
  0.00000000e+000 0.00000000e+000 0.00000000e+000 6.17108729e-001
  0.00000000e+000]
 [0.00000000e+000 0.00000000e+000 0.00000000e+000 0.00000000e+000
  0.00000000e+000 0.00000000e+000 0.00000000e+000 0.00000000e+000
  0.00000000e+000 9.61795877e-001 0.00000000e+000 3.82041235e-002
  5.41628610e-004]
 [0.00000000e+000 0.00000000e+000 0.00000000e+000 0.00000000e+000
  0.00000000e+000 0.00000000e+000 1.23236426e-001 0.00000000e+000
  0.00000000e+000 0.00000000e+000 0.00000000e+000 8.76763574e-001
  0.00000000e+000]
 [0.00000000e+000 0.00000000e+000 0.00000000e+000 0.00000000e+000
  0.00000000e+000 0.00000000e+000 7.51193186e-001 0.00000000e+000
  0.00000000e+000 0.00000000e+000 0.00000000e+000 2.48806814e-001
  0.00000000e+000]
 [0.00000000e+000 0.00000000e+000 3.94007853e-064 0.00000000e+000
  0.00000000e+000 0.00000000e+000 0.00000000e+000 1.48856040e-152
  3.25668751e-001 0.00000000e+000 0.00000000e+000 6.74331249e-001
  0.00000000e+000]
 [0.00000000e+000 0.00000000e+000 2.52216697e-064 0.00000000e+000
  0.00000000e+000 0.00000000e+000 0.00000000e+000 9.62485796e-152
  0.00000000e+000 0.00000000e+000 6.69093122e-002 9.33090688e-001
  0.00000000e+000]
 [0.00000000e+000 0.00000000e+000 0.00000000e+000 0.00000000e+000
  0.00000000e+000 0.00000000e+000 0.00000000e+000 4.08321332e-001
  0.00000000e+000 0.00000000e+000 5.91678668e-001 0.00000000e+000
  0.00000000e+000]
 [0.00000000e+000 0.00000000e+000 0.00000000e+000 0.00000000e+000
  0.00000000e+000 0.00000000e+000 7.19135294e-001 0.00000000e+000
  0.00000000e+000 0.00000000e+000 2.80864706e-001 0.00000000e+000
  4.97584991e-004]
 [0.00000000e+000 0.00000000e+000 1.60625364e-093 0.00000000e+000
  0.00000000e+000 0.00000000e+000 0.00000000e+000 2.42416315e-181
  0.00000000e+000 0.00000000e+000 3.84677359e-001 6.15322641e-001
  0.00000000e+000]
 [0.00000000e+000 0.00000000e+000 3.74453751e-058 0.00000000e+000
  0.00000000e+000 0.00000000e+000 0.00000000e+000 1.52911222e-146
  9.51691392e-002 0.00000000e+000 0.00000000e+000 9.04830861e-001
  0.00000000e+000]
 [0.00000000e+000 0.00000000e+000 2.32922765e-217 0.00000000e+000
  0.00000000e+000 0.00000000e+000 0.00000000e+000 6.20325257e-304
  6.44075181e-001 0.00000000e+000 0.00000000e+000 3.55924819e-001
  0.00000000e+000]
 [0.00000000e+000 0.00000000e+000 2.11850775e-228 0.00000000e+000
  0.00000000e+000 0.00000000e+000 0.00000000e+000 6.59604613e-315
  0.00000000e+000 6.65931594e-001 0.00000000e+000 3.34068406e-001
  0.00000000e+000]
 [2.52160567e-002 0.00000000e+000 0.00000000e+000 0.00000000e+000
  0.00000000e+000 0.00000000e+000 0.00000000e+000 0.00000000e+000
  0.00000000e+000 0.00000000e+000 9.72898058e-001 1.88588522e-003
  4.96533945e-004]
 [0.00000000e+000 0.00000000e+000 0.00000000e+000 0.00000000e+000
  0.00000000e+000 0.00000000e+000 0.00000000e+000 0.00000000e+000
  0.00000000e+000 0.00000000e+000 7.03152145e-001 2.96847855e-001
  0.00000000e+000]
 [0.00000000e+000 0.00000000e+000 0.00000000e+000 0.00000000e+000
  0.00000000e+000 0.00000000e+000 0.00000000e+000 0.00000000e+000
  0.00000000e+000 0.00000000e+000 8.22273724e-001 1.77726276e-001
  0.00000000e+000]]
→ Best principal utility: 0.0007183549902183283
→ Inferred agent&principal utility:    0.0 0.0004126474770936832
→ Agent and principal score:    0 0.00020674168782769934
[*] Instance 0: 0.00020674168782769934
[*] Dataset loaded: E:\Coding\pythonProject\llm4contract\problems\online_contract_edgeAI\dataset\train_02.pkl with 3 instances.
→ Best principal utility: 0.0006193891649213826
D:\Software\anaconda3\envs\llm4contract\lib\site-packages\sklearn\cluster\_kmeans.py:1419: UserWarning: KMeans is known to have a memory leak on Windows with MKL, when there are less chunks than available threads. You can avoid it by setting the environment variable OMP_NUM_THREADS=1.
  warnings.warn(
The running time is：0.1733 seconds
The inferred contract is [[8.17780025e-003 1.40047484e-003 0.00000000e+000 0.00000000e+000
  0.00000000e+000 0.00000000e+000 0.00000000e+000 0.00000000e+000
  9.52119993e-001 6.43550745e-316 0.00000000e+000 3.83017324e-002
  5.61644099e-004]
 [0.00000000e+000 0.00000000e+000 3.12288430e-001 0.00000000e+000
  0.00000000e+000 0.00000000e+000 0.00000000e+000 0.00000000e+000
  0.00000000e+000 0.00000000e+000 0.00000000e+000 6.87711570e-001
  5.37190587e-004]
 [0.00000000e+000 0.00000000e+000 0.00000000e+000 0.00000000e+000
  0.00000000e+000 0.00000000e+000 0.00000000e+000 0.00000000e+000
  0.00000000e+000 4.42221529e-001 5.57778471e-001 0.00000000e+000
  0.00000000e+000]
 [0.00000000e+000 0.00000000e+000 0.00000000e+000 0.00000000e+000
  0.00000000e+000 1.50273451e-001 0.00000000e+000 0.00000000e+000
  0.00000000e+000 0.00000000e+000 8.49726549e-001 0.00000000e+000
  7.05867249e-004]
 [0.00000000e+000 0.00000000e+000 0.00000000e+000 0.00000000e+000
  0.00000000e+000 0.00000000e+000 0.00000000e+000 0.00000000e+000
  0.00000000e+000 3.41559689e-001 0.00000000e+000 6.58440311e-001
  0.00000000e+000]
 [0.00000000e+000 0.00000000e+000 0.00000000e+000 0.00000000e+000
  0.00000000e+000 0.00000000e+000 0.00000000e+000 1.31244788e-001
  0.00000000e+000 8.68755212e-001 0.00000000e+000 0.00000000e+000
  4.79008479e-004]
 [0.00000000e+000 9.15981320e-002 0.00000000e+000 0.00000000e+000
  0.00000000e+000 0.00000000e+000 0.00000000e+000 0.00000000e+000
  0.00000000e+000 0.00000000e+000 0.00000000e+000 9.08401868e-001
  6.82190697e-004]
 [0.00000000e+000 0.00000000e+000 0.00000000e+000 0.00000000e+000
  0.00000000e+000 0.00000000e+000 2.27647931e-313 5.32090351e-001
  0.00000000e+000 1.24198606e-111 0.00000000e+000 4.67909649e-001
  5.46212378e-004]
 [0.00000000e+000 0.00000000e+000 0.00000000e+000 0.00000000e+000
  0.00000000e+000 0.00000000e+000 0.00000000e+000 0.00000000e+000
  0.00000000e+000 1.92191966e-199 3.24287440e-001 6.75712560e-001
  0.00000000e+000]
 [0.00000000e+000 0.00000000e+000 0.00000000e+000 0.00000000e+000
  0.00000000e+000 5.97766866e-001 0.00000000e+000 0.00000000e+000
  0.00000000e+000 0.00000000e+000 0.00000000e+000 4.02233134e-001
  0.00000000e+000]
 [0.00000000e+000 0.00000000e+000 0.00000000e+000 0.00000000e+000
  0.00000000e+000 0.00000000e+000 4.64249563e-001 0.00000000e+000
  0.00000000e+000 1.01196979e-138 0.00000000e+000 5.35750437e-001
  4.39268352e-004]
 [0.00000000e+000 0.00000000e+000 0.00000000e+000 0.00000000e+000
  6.74978297e-001 0.00000000e+000 0.00000000e+000 0.00000000e+000
  0.00000000e+000 0.00000000e+000 0.00000000e+000 3.25021703e-001
  3.80177440e-004]
 [0.00000000e+000 0.00000000e+000 0.00000000e+000 0.00000000e+000
  0.00000000e+000 0.00000000e+000 0.00000000e+000 0.00000000e+000
  4.15096171e-001 0.00000000e+000 5.84903829e-001 0.00000000e+000
  5.61507200e-004]
 [0.00000000e+000 0.00000000e+000 0.00000000e+000 0.00000000e+000
  0.00000000e+000 0.00000000e+000 4.85612277e-001 0.00000000e+000
  0.00000000e+000 0.00000000e+000 5.14387723e-001 0.00000000e+000
  4.30951635e-004]
 [0.00000000e+000 0.00000000e+000 0.00000000e+000 0.00000000e+000
  0.00000000e+000 0.00000000e+000 0.00000000e+000 0.00000000e+000
  6.53772610e-001 0.00000000e+000 0.00000000e+000 3.46227390e-001
  0.00000000e+000]
 [0.00000000e+000 0.00000000e+000 0.00000000e+000 0.00000000e+000
  0.00000000e+000 0.00000000e+000 1.56615335e-307 0.00000000e+000
  0.00000000e+000 1.31489319e-105 5.59428308e-001 4.40571692e-001
  0.00000000e+000]
 [1.31337958e-131 0.00000000e+000 0.00000000e+000 0.00000000e+000
  0.00000000e+000 0.00000000e+000 8.23385033e-307 3.82840530e-027
  0.00000000e+000 5.18853318e-001 0.00000000e+000 4.81146682e-001
  0.00000000e+000]
 [0.00000000e+000 4.53895733e-001 0.00000000e+000 0.00000000e+000
  0.00000000e+000 0.00000000e+000 0.00000000e+000 0.00000000e+000
  0.00000000e+000 0.00000000e+000 5.46104267e-001 0.00000000e+000
  4.62434051e-004]
 [0.00000000e+000 0.00000000e+000 4.09273353e-001 0.00000000e+000
  0.00000000e+000 0.00000000e+000 0.00000000e+000 0.00000000e+000
  0.00000000e+000 0.00000000e+000 5.90726647e-001 0.00000000e+000
  4.92283934e-004]
 [0.00000000e+000 0.00000000e+000 0.00000000e+000 0.00000000e+000
  0.00000000e+000 0.00000000e+000 0.00000000e+000 6.41174262e-001
  0.00000000e+000 0.00000000e+000 3.58825738e-001 0.00000000e+000
  5.05759488e-004]
 [0.00000000e+000 0.00000000e+000 0.00000000e+000 0.00000000e+000
  0.00000000e+000 0.00000000e+000 0.00000000e+000 0.00000000e+000
  0.00000000e+000 0.00000000e+000 8.23044275e-001 1.76955725e-001
  6.21763894e-004]
 [0.00000000e+000 3.60986442e-001 0.00000000e+000 0.00000000e+000
  0.00000000e+000 0.00000000e+000 0.00000000e+000 0.00000000e+000
  6.39013558e-001 0.00000000e+000 0.00000000e+000 0.00000000e+000
  4.03760725e-004]
 [0.00000000e+000 0.00000000e+000 0.00000000e+000 0.00000000e+000
  0.00000000e+000 0.00000000e+000 0.00000000e+000 0.00000000e+000
  3.78621701e-001 0.00000000e+000 0.00000000e+000 6.21378299e-001
  0.00000000e+000]
 [0.00000000e+000 0.00000000e+000 0.00000000e+000 0.00000000e+000
  0.00000000e+000 4.33387160e-001 0.00000000e+000 0.00000000e+000
  0.00000000e+000 0.00000000e+000 5.66612840e-001 0.00000000e+000
  5.50864997e-004]
 [0.00000000e+000 0.00000000e+000 0.00000000e+000 0.00000000e+000
  0.00000000e+000 0.00000000e+000 1.30489094e-306 2.09443311e-001
  0.00000000e+000 1.12778342e-105 0.00000000e+000 7.90556689e-001
  0.00000000e+000]
 [3.08869863e-001 0.00000000e+000 0.00000000e+000 0.00000000e+000
  0.00000000e+000 0.00000000e+000 0.00000000e+000 0.00000000e+000
  0.00000000e+000 0.00000000e+000 6.91130137e-001 0.00000000e+000
  4.73934590e-004]
 [0.00000000e+000 0.00000000e+000 0.00000000e+000 0.00000000e+000
  0.00000000e+000 0.00000000e+000 1.32101225e-002 0.00000000e+000
  0.00000000e+000 1.53037239e-002 9.48656945e-001 2.28292087e-002
  5.91476149e-004]
 [3.73677787e-153 0.00000000e+000 0.00000000e+000 0.00000000e+000
  0.00000000e+000 0.00000000e+000 0.00000000e+000 2.24844466e-050
  0.00000000e+000 7.27278311e-001 0.00000000e+000 2.72721689e-001
  0.00000000e+000]
 [0.00000000e+000 0.00000000e+000 0.00000000e+000 0.00000000e+000
  4.00875375e-001 0.00000000e+000 0.00000000e+000 0.00000000e+000
  0.00000000e+000 0.00000000e+000 0.00000000e+000 5.99124625e-001
  0.00000000e+000]
 [0.00000000e+000 0.00000000e+000 0.00000000e+000 0.00000000e+000
  0.00000000e+000 3.74847268e-001 0.00000000e+000 0.00000000e+000
  0.00000000e+000 0.00000000e+000 0.00000000e+000 6.25152732e-001
  0.00000000e+000]
 [0.00000000e+000 0.00000000e+000 2.67966993e-001 0.00000000e+000
  0.00000000e+000 0.00000000e+000 0.00000000e+000 0.00000000e+000
  0.00000000e+000 7.32033007e-001 0.00000000e+000 0.00000000e+000
  5.43967889e-004]
 [0.00000000e+000 0.00000000e+000 0.00000000e+000 0.00000000e+000
  0.00000000e+000 0.00000000e+000 0.00000000e+000 0.00000000e+000
  0.00000000e+000 7.22646114e-001 2.77353886e-001 0.00000000e+000
  6.99572829e-004]
 [0.00000000e+000 0.00000000e+000 0.00000000e+000 0.00000000e+000
  0.00000000e+000 0.00000000e+000 1.87816739e-286 0.00000000e+000
  0.00000000e+000 4.81868070e-084 1.71876231e-001 8.28123769e-001
  7.15142510e-004]
 [0.00000000e+000 0.00000000e+000 0.00000000e+000 0.00000000e+000
  0.00000000e+000 1.21024827e-002 7.39372664e-003 0.00000000e+000
  0.00000000e+000 1.26654329e-002 0.00000000e+000 9.67838358e-001
  6.28032393e-004]
 [6.15110324e-003 0.00000000e+000 0.00000000e+000 0.00000000e+000
  0.00000000e+000 0.00000000e+000 0.00000000e+000 1.33309179e-003
  0.00000000e+000 9.77377717e-001 0.00000000e+000 1.51380879e-002
  5.78423205e-004]
 [0.00000000e+000 0.00000000e+000 0.00000000e+000 0.00000000e+000
  0.00000000e+000 7.33183471e-001 0.00000000e+000 0.00000000e+000
  0.00000000e+000 0.00000000e+000 0.00000000e+000 2.66816529e-001
  4.00522208e-004]
 [0.00000000e+000 0.00000000e+000 1.97396223e-001 0.00000000e+000
  0.00000000e+000 0.00000000e+000 0.00000000e+000 0.00000000e+000
  0.00000000e+000 0.00000000e+000 8.02603777e-001 0.00000000e+000
  0.00000000e+000]
 [0.00000000e+000 1.87659076e-001 0.00000000e+000 0.00000000e+000
  0.00000000e+000 0.00000000e+000 0.00000000e+000 0.00000000e+000
  0.00000000e+000 0.00000000e+000 8.12340924e-001 0.00000000e+000
  0.00000000e+000]
 [0.00000000e+000 0.00000000e+000 0.00000000e+000 0.00000000e+000
  0.00000000e+000 0.00000000e+000 3.34832191e-289 0.00000000e+000
  9.56190470e-002 1.83492585e-087 0.00000000e+000 9.04380953e-001
  5.25892079e-004]
 [0.00000000e+000 0.00000000e+000 0.00000000e+000 0.00000000e+000
  0.00000000e+000 0.00000000e+000 0.00000000e+000 0.00000000e+000
  0.00000000e+000 8.71628487e-001 0.00000000e+000 1.28371513e-001
  0.00000000e+000]
 [0.00000000e+000 0.00000000e+000 0.00000000e+000 0.00000000e+000
  0.00000000e+000 0.00000000e+000 3.04682583e-001 0.00000000e+000
  0.00000000e+000 0.00000000e+000 6.95317417e-001 0.00000000e+000
  0.00000000e+000]
 [0.00000000e+000 0.00000000e+000 0.00000000e+000 0.00000000e+000
  0.00000000e+000 0.00000000e+000 1.27079097e-001 0.00000000e+000
  8.72920903e-001 0.00000000e+000 0.00000000e+000 0.00000000e+000
  4.98036646e-004]
 [0.00000000e+000 0.00000000e+000 0.00000000e+000 0.00000000e+000
  0.00000000e+000 0.00000000e+000 0.00000000e+000 0.00000000e+000
  0.00000000e+000 1.66871980e-001 0.00000000e+000 8.33128020e-001
  0.00000000e+000]
 [0.00000000e+000 2.74838243e-070 0.00000000e+000 0.00000000e+000
  0.00000000e+000 0.00000000e+000 0.00000000e+000 0.00000000e+000
  5.61223633e-001 6.50722742e-169 0.00000000e+000 4.38776367e-001
  0.00000000e+000]
 [1.82181120e-001 0.00000000e+000 0.00000000e+000 0.00000000e+000
  0.00000000e+000 0.00000000e+000 0.00000000e+000 0.00000000e+000
  0.00000000e+000 8.17818880e-001 0.00000000e+000 0.00000000e+000
  5.81818566e-004]
 [0.00000000e+000 0.00000000e+000 0.00000000e+000 0.00000000e+000
  0.00000000e+000 0.00000000e+000 0.00000000e+000 0.00000000e+000
  2.76868060e-001 0.00000000e+000 7.23131940e-001 0.00000000e+000
  0.00000000e+000]
 [0.00000000e+000 0.00000000e+000 0.00000000e+000 0.00000000e+000
  0.00000000e+000 0.00000000e+000 0.00000000e+000 0.00000000e+000
  2.32411139e-001 0.00000000e+000 0.00000000e+000 7.67588861e-001
  0.00000000e+000]
 [0.00000000e+000 0.00000000e+000 0.00000000e+000 0.00000000e+000
  0.00000000e+000 0.00000000e+000 0.00000000e+000 0.00000000e+000
  7.37411386e-001 0.00000000e+000 0.00000000e+000 2.62588614e-001
  0.00000000e+000]
 [0.00000000e+000 0.00000000e+000 0.00000000e+000 0.00000000e+000
  0.00000000e+000 2.89004015e-001 0.00000000e+000 0.00000000e+000
  0.00000000e+000 0.00000000e+000 7.10995985e-001 0.00000000e+000
  0.00000000e+000]
 [0.00000000e+000 0.00000000e+000 0.00000000e+000 0.00000000e+000
  5.61981211e-001 0.00000000e+000 0.00000000e+000 0.00000000e+000
  0.00000000e+000 0.00000000e+000 0.00000000e+000 4.38018789e-001
  0.00000000e+000]]
→ Best principal utility: 0.0007087116278402658
→ Inferred agent&principal utility:    0.0 0.0004126474770936832
→ Agent and principal score:    0 0.00020674168782769934
[*] Instance 1: 0.00020674168782769934
[*] Dataset loaded: E:\Coding\pythonProject\llm4contract\problems\online_contract_edgeAI\dataset\train_03.pkl with 3 instances.
→ Best principal utility: 0.0006193891649213826
D:\Software\anaconda3\envs\llm4contract\lib\site-packages\sklearn\cluster\_kmeans.py:1419: UserWarning: KMeans is known to have a memory leak on Windows with MKL, when there are less chunks than available threads. You can avoid it by setting the environment variable OMP_NUM_THREADS=1.
  warnings.warn(
The running time is：0.1554 seconds
The inferred contract is [[0.00000000e+000 0.00000000e+000 0.00000000e+000 0.00000000e+000
  0.00000000e+000 0.00000000e+000 0.00000000e+000 2.54812543e-001
  1.28645120e-127 0.00000000e+000 7.45187457e-001 0.00000000e+000
  6.42162312e-004]
 [0.00000000e+000 0.00000000e+000 0.00000000e+000 0.00000000e+000
  0.00000000e+000 0.00000000e+000 0.00000000e+000 0.00000000e+000
  0.00000000e+000 1.46582788e-001 1.39274275e-132 8.53417212e-001
  0.00000000e+000]
 [0.00000000e+000 0.00000000e+000 0.00000000e+000 0.00000000e+000
  0.00000000e+000 0.00000000e+000 0.00000000e+000 0.00000000e+000
  0.00000000e+000 8.03666916e-001 0.00000000e+000 1.96333084e-001
  0.00000000e+000]
 [0.00000000e+000 0.00000000e+000 0.00000000e+000 0.00000000e+000
  0.00000000e+000 0.00000000e+000 0.00000000e+000 0.00000000e+000
  6.69662096e-001 0.00000000e+000 0.00000000e+000 3.30337904e-001
  0.00000000e+000]
 [0.00000000e+000 0.00000000e+000 0.00000000e+000 0.00000000e+000
  0.00000000e+000 0.00000000e+000 0.00000000e+000 3.80787137e-001
  0.00000000e+000 0.00000000e+000 2.41916346e-142 6.19212863e-001
  0.00000000e+000]
 [0.00000000e+000 0.00000000e+000 1.60368754e-001 0.00000000e+000
  0.00000000e+000 0.00000000e+000 8.39631246e-001 0.00000000e+000
  0.00000000e+000 0.00000000e+000 0.00000000e+000 0.00000000e+000
  3.60921935e-004]
 [0.00000000e+000 0.00000000e+000 0.00000000e+000 0.00000000e+000
  0.00000000e+000 0.00000000e+000 0.00000000e+000 0.00000000e+000
  5.09880421e-129 0.00000000e+000 6.98290986e-001 3.01709014e-001
  0.00000000e+000]
 [0.00000000e+000 0.00000000e+000 0.00000000e+000 0.00000000e+000
  0.00000000e+000 0.00000000e+000 0.00000000e+000 0.00000000e+000
  0.00000000e+000 4.91303087e-001 0.00000000e+000 5.08696913e-001
  0.00000000e+000]
 [0.00000000e+000 0.00000000e+000 0.00000000e+000 0.00000000e+000
  0.00000000e+000 0.00000000e+000 3.07659983e-001 0.00000000e+000
  0.00000000e+000 0.00000000e+000 5.34459249e-142 6.92340017e-001
  0.00000000e+000]
 [0.00000000e+000 0.00000000e+000 0.00000000e+000 6.26617729e-001
  0.00000000e+000 0.00000000e+000 0.00000000e+000 0.00000000e+000
  0.00000000e+000 0.00000000e+000 3.73382271e-001 0.00000000e+000
  4.31801040e-004]
 [0.00000000e+000 0.00000000e+000 0.00000000e+000 0.00000000e+000
  0.00000000e+000 0.00000000e+000 0.00000000e+000 6.17427437e-001
  0.00000000e+000 3.82572563e-001 0.00000000e+000 0.00000000e+000
  3.96362012e-004]
 [0.00000000e+000 0.00000000e+000 0.00000000e+000 0.00000000e+000
  0.00000000e+000 3.31250406e-001 0.00000000e+000 0.00000000e+000
  0.00000000e+000 6.68749594e-001 0.00000000e+000 0.00000000e+000
  0.00000000e+000]
 [0.00000000e+000 0.00000000e+000 0.00000000e+000 0.00000000e+000
  0.00000000e+000 0.00000000e+000 0.00000000e+000 0.00000000e+000
  7.18239102e-002 0.00000000e+000 9.28176090e-001 0.00000000e+000
  6.01093648e-004]
 [0.00000000e+000 0.00000000e+000 0.00000000e+000 0.00000000e+000
  0.00000000e+000 0.00000000e+000 0.00000000e+000 0.00000000e+000
  4.31717794e-001 0.00000000e+000 0.00000000e+000 5.68282206e-001
  0.00000000e+000]
 [0.00000000e+000 0.00000000e+000 0.00000000e+000 0.00000000e+000
  0.00000000e+000 0.00000000e+000 0.00000000e+000 5.38738164e-001
  0.00000000e+000 0.00000000e+000 1.22046482e-174 4.61261836e-001
  0.00000000e+000]
 [0.00000000e+000 0.00000000e+000 0.00000000e+000 0.00000000e+000
  6.26406951e-001 0.00000000e+000 0.00000000e+000 0.00000000e+000
  0.00000000e+000 0.00000000e+000 3.73593049e-001 0.00000000e+000
  4.29054106e-004]
 [0.00000000e+000 0.00000000e+000 4.25195520e-001 0.00000000e+000
  0.00000000e+000 0.00000000e+000 0.00000000e+000 0.00000000e+000
  0.00000000e+000 5.74804480e-001 0.00000000e+000 0.00000000e+000
  5.31648778e-004]
 [0.00000000e+000 0.00000000e+000 0.00000000e+000 0.00000000e+000
  0.00000000e+000 0.00000000e+000 5.53736127e-001 0.00000000e+000
  0.00000000e+000 0.00000000e+000 1.67409618e-136 4.46263873e-001
  5.91983277e-004]
 [0.00000000e+000 0.00000000e+000 0.00000000e+000 0.00000000e+000
  0.00000000e+000 0.00000000e+000 0.00000000e+000 0.00000000e+000
  8.23770825e-001 0.00000000e+000 0.00000000e+000 1.76229175e-001
  5.90412800e-004]
 [0.00000000e+000 0.00000000e+000 0.00000000e+000 0.00000000e+000
  0.00000000e+000 0.00000000e+000 0.00000000e+000 0.00000000e+000
  0.00000000e+000 5.72250979e-001 4.27749021e-001 0.00000000e+000
  0.00000000e+000]
 [0.00000000e+000 0.00000000e+000 0.00000000e+000 0.00000000e+000
  0.00000000e+000 0.00000000e+000 1.17787013e-001 0.00000000e+000
  0.00000000e+000 0.00000000e+000 1.59435166e-127 8.82212987e-001
  6.08087660e-004]
 [4.20328554e-001 0.00000000e+000 0.00000000e+000 0.00000000e+000
  0.00000000e+000 0.00000000e+000 0.00000000e+000 0.00000000e+000
  0.00000000e+000 0.00000000e+000 0.00000000e+000 5.79671446e-001
  4.31399081e-004]
 [0.00000000e+000 3.67904339e-001 0.00000000e+000 0.00000000e+000
  0.00000000e+000 0.00000000e+000 0.00000000e+000 0.00000000e+000
  6.32095661e-001 0.00000000e+000 0.00000000e+000 0.00000000e+000
  5.07876145e-004]
 [0.00000000e+000 0.00000000e+000 2.57302596e-001 0.00000000e+000
  0.00000000e+000 0.00000000e+000 0.00000000e+000 0.00000000e+000
  0.00000000e+000 0.00000000e+000 0.00000000e+000 7.42697404e-001
  5.85038275e-004]
 [0.00000000e+000 0.00000000e+000 0.00000000e+000 0.00000000e+000
  0.00000000e+000 0.00000000e+000 0.00000000e+000 0.00000000e+000
  0.00000000e+000 9.32060639e-001 0.00000000e+000 6.79393613e-002
  5.38226878e-004]
 [0.00000000e+000 0.00000000e+000 0.00000000e+000 3.68812939e-001
  0.00000000e+000 0.00000000e+000 0.00000000e+000 0.00000000e+000
  0.00000000e+000 6.31187061e-001 0.00000000e+000 0.00000000e+000
  4.89336822e-004]
 [0.00000000e+000 0.00000000e+000 0.00000000e+000 0.00000000e+000
  3.54851344e-001 0.00000000e+000 0.00000000e+000 0.00000000e+000
  0.00000000e+000 0.00000000e+000 0.00000000e+000 6.45148656e-001
  4.54173205e-004]
 [0.00000000e+000 0.00000000e+000 0.00000000e+000 0.00000000e+000
  0.00000000e+000 0.00000000e+000 0.00000000e+000 0.00000000e+000
  6.88242337e-001 3.11757663e-001 0.00000000e+000 0.00000000e+000
  6.15899281e-004]
 [0.00000000e+000 0.00000000e+000 0.00000000e+000 0.00000000e+000
  0.00000000e+000 0.00000000e+000 0.00000000e+000 0.00000000e+000
  0.00000000e+000 0.00000000e+000 4.37541867e-001 5.62458133e-001
  0.00000000e+000]
 [0.00000000e+000 0.00000000e+000 0.00000000e+000 0.00000000e+000
  0.00000000e+000 0.00000000e+000 7.69779673e-001 0.00000000e+000
  0.00000000e+000 0.00000000e+000 2.30220327e-001 0.00000000e+000
  5.02787878e-004]
 [0.00000000e+000 0.00000000e+000 0.00000000e+000 0.00000000e+000
  0.00000000e+000 0.00000000e+000 0.00000000e+000 5.81427391e-001
  0.00000000e+000 0.00000000e+000 4.18572609e-001 0.00000000e+000
  5.40005440e-004]
 [0.00000000e+000 0.00000000e+000 0.00000000e+000 0.00000000e+000
  0.00000000e+000 0.00000000e+000 0.00000000e+000 0.00000000e+000
  1.95226904e-112 0.00000000e+000 8.31102986e-001 1.68897014e-001
  0.00000000e+000]
 [0.00000000e+000 0.00000000e+000 0.00000000e+000 0.00000000e+000
  0.00000000e+000 0.00000000e+000 0.00000000e+000 7.28118227e-001
  0.00000000e+000 0.00000000e+000 0.00000000e+000 2.71881773e-001
  3.50686596e-004]
 [2.09546431e-001 0.00000000e+000 0.00000000e+000 0.00000000e+000
  0.00000000e+000 0.00000000e+000 0.00000000e+000 0.00000000e+000
  0.00000000e+000 0.00000000e+000 0.00000000e+000 7.90453569e-001
  6.29183024e-004]
 [0.00000000e+000 0.00000000e+000 0.00000000e+000 0.00000000e+000
  0.00000000e+000 0.00000000e+000 0.00000000e+000 1.98840284e-001
  0.00000000e+000 0.00000000e+000 1.35448502e-131 8.01159716e-001
  0.00000000e+000]
 [0.00000000e+000 0.00000000e+000 0.00000000e+000 0.00000000e+000
  0.00000000e+000 0.00000000e+000 0.00000000e+000 0.00000000e+000
  2.53288348e-150 0.00000000e+000 1.02336947e-001 8.97663053e-001
  0.00000000e+000]
 [0.00000000e+000 0.00000000e+000 0.00000000e+000 0.00000000e+000
  0.00000000e+000 1.97283928e-001 0.00000000e+000 0.00000000e+000
  0.00000000e+000 0.00000000e+000 8.02716072e-001 0.00000000e+000
  5.94182743e-004]
 [0.00000000e+000 0.00000000e+000 0.00000000e+000 0.00000000e+000
  0.00000000e+000 4.90615638e-001 0.00000000e+000 0.00000000e+000
  0.00000000e+000 5.09384362e-001 0.00000000e+000 0.00000000e+000
  4.61178297e-004]
 [0.00000000e+000 0.00000000e+000 0.00000000e+000 0.00000000e+000
  0.00000000e+000 2.08273812e-001 0.00000000e+000 0.00000000e+000
  0.00000000e+000 0.00000000e+000 0.00000000e+000 7.91726188e-001
  5.40307166e-004]
 [0.00000000e+000 0.00000000e+000 0.00000000e+000 0.00000000e+000
  0.00000000e+000 0.00000000e+000 0.00000000e+000 0.00000000e+000
  0.00000000e+000 2.87841879e-001 0.00000000e+000 7.12158121e-001
  0.00000000e+000]
 [0.00000000e+000 0.00000000e+000 0.00000000e+000 0.00000000e+000
  0.00000000e+000 0.00000000e+000 0.00000000e+000 0.00000000e+000
  0.00000000e+000 8.15498517e-001 1.84501483e-001 0.00000000e+000
  0.00000000e+000]
 [0.00000000e+000 0.00000000e+000 0.00000000e+000 0.00000000e+000
  0.00000000e+000 0.00000000e+000 0.00000000e+000 0.00000000e+000
  2.94167106e-001 0.00000000e+000 0.00000000e+000 7.05832894e-001
  0.00000000e+000]
 [1.40302925e-002 2.14910198e-002 0.00000000e+000 0.00000000e+000
  0.00000000e+000 0.00000000e+000 0.00000000e+000 0.00000000e+000
  0.00000000e+000 1.10601266e-002 5.08309033e-294 9.53418561e-001
  6.24507806e-004]
 [0.00000000e+000 0.00000000e+000 0.00000000e+000 0.00000000e+000
  0.00000000e+000 0.00000000e+000 1.30543923e-001 0.00000000e+000
  8.69456077e-001 0.00000000e+000 0.00000000e+000 0.00000000e+000
  5.32019825e-004]
 [0.00000000e+000 0.00000000e+000 0.00000000e+000 0.00000000e+000
  0.00000000e+000 0.00000000e+000 0.00000000e+000 0.00000000e+000
  0.00000000e+000 6.27259862e-001 0.00000000e+000 3.72740138e-001
  0.00000000e+000]
 [0.00000000e+000 0.00000000e+000 0.00000000e+000 0.00000000e+000
  0.00000000e+000 0.00000000e+000 0.00000000e+000 0.00000000e+000
  5.64641019e-145 0.00000000e+000 5.84423259e-001 4.15576741e-001
  0.00000000e+000]
 [0.00000000e+000 0.00000000e+000 0.00000000e+000 0.00000000e+000
  0.00000000e+000 0.00000000e+000 0.00000000e+000 0.00000000e+000
  0.00000000e+000 2.04031422e-001 6.20123949e-181 7.95968578e-001
  0.00000000e+000]
 [0.00000000e+000 0.00000000e+000 0.00000000e+000 0.00000000e+000
  0.00000000e+000 0.00000000e+000 1.27642442e-001 0.00000000e+000
  0.00000000e+000 8.72357558e-001 0.00000000e+000 0.00000000e+000
  6.47513410e-004]
 [0.00000000e+000 0.00000000e+000 0.00000000e+000 0.00000000e+000
  0.00000000e+000 0.00000000e+000 0.00000000e+000 0.00000000e+000
  0.00000000e+000 4.12575294e-001 5.55861047e-234 5.87424706e-001
  0.00000000e+000]
 [0.00000000e+000 0.00000000e+000 0.00000000e+000 5.39247597e-001
  0.00000000e+000 0.00000000e+000 0.00000000e+000 0.00000000e+000
  0.00000000e+000 0.00000000e+000 4.60752403e-001 0.00000000e+000
  0.00000000e+000]]
→ Best principal utility: 0.0007170275987992267
→ Inferred agent&principal utility:    0.0 0.0004126474770936832
→ Agent and principal score:    0 0.00020674168782769934
[*] Instance 2: 0.00020674168782769934
[*] Average:
0.00020674168782769932
