[*] Running ...
[*] Dataset loaded: E:\Coding\pythonProject\llm4contract\problems\online_contract_edgeAI\dataset\train_01.pkl with 3 instances.
→ Best principal utility: 0.0006193891649213826
D:\Software\anaconda3\envs\llm4contract\lib\site-packages\sklearn\cluster\_kmeans.py:1419: UserWarning: KMeans is known to have a memory leak on Windows with MKL, when there are less chunks than available threads. You can avoid it by setting the environment variable OMP_NUM_THREADS=1.
  warnings.warn(
The running time is：0.6987 seconds
The inferred contract is [[2.52160567e-002 0.00000000e+000 0.00000000e+000 0.00000000e+000
  0.00000000e+000 1.28116285e-001 0.00000000e+000 0.00000000e+000
  0.00000000e+000 0.00000000e+000 8.46667658e-001 0.00000000e+000
  5.23638578e-004]
 [4.07116509e-001 0.00000000e+000 0.00000000e+000 0.00000000e+000
  0.00000000e+000 0.00000000e+000 0.00000000e+000 0.00000000e+000
  0.00000000e+000 0.00000000e+000 0.00000000e+000 5.92883491e-001
  3.93702462e-004]
 [0.00000000e+000 0.00000000e+000 0.00000000e+000 0.00000000e+000
  3.77482292e-001 0.00000000e+000 0.00000000e+000 0.00000000e+000
  0.00000000e+000 6.22517708e-001 0.00000000e+000 0.00000000e+000
  4.36998643e-004]
 [1.79356065e-001 0.00000000e+000 0.00000000e+000 0.00000000e+000
  0.00000000e+000 0.00000000e+000 0.00000000e+000 0.00000000e+000
  8.20643935e-001 0.00000000e+000 0.00000000e+000 0.00000000e+000
  2.86135590e-004]
 [0.00000000e+000 0.00000000e+000 0.00000000e+000 0.00000000e+000
  0.00000000e+000 0.00000000e+000 4.98735980e-001 0.00000000e+000
  0.00000000e+000 0.00000000e+000 5.01264019e-001 4.50680517e-010
  4.91964394e-004]
 [0.00000000e+000 0.00000000e+000 2.03998667e-061 0.00000000e+000
  0.00000000e+000 0.00000000e+000 0.00000000e+000 6.53701937e-001
  0.00000000e+000 0.00000000e+000 0.00000000e+000 3.46298063e-001
  4.56941753e-004]
 [0.00000000e+000 0.00000000e+000 0.00000000e+000 0.00000000e+000
  0.00000000e+000 5.95741956e-001 0.00000000e+000 0.00000000e+000
  0.00000000e+000 0.00000000e+000 0.00000000e+000 4.04258044e-001
  4.49988511e-004]
 [0.00000000e+000 0.00000000e+000 1.35175210e-056 0.00000000e+000
  0.00000000e+000 0.00000000e+000 0.00000000e+000 8.19908252e-145
  0.00000000e+000 5.95157713e-001 0.00000000e+000 4.04842287e-001
  5.68396113e-004]
 [0.00000000e+000 0.00000000e+000 0.00000000e+000 0.00000000e+000
  0.00000000e+000 1.35064879e-001 0.00000000e+000 0.00000000e+000
  1.52236429e-001 7.12698692e-001 0.00000000e+000 0.00000000e+000
  4.24730147e-004]
 [0.00000000e+000 0.00000000e+000 4.72859108e-056 0.00000000e+000
  0.00000000e+000 0.00000000e+000 0.00000000e+000 2.94139905e-144
  0.00000000e+000 0.00000000e+000 2.56522648e-001 7.43477352e-001
  0.00000000e+000]
 [0.00000000e+000 0.00000000e+000 0.00000000e+000 0.00000000e+000
  0.00000000e+000 0.00000000e+000 0.00000000e+000 4.06484937e-001
  0.00000000e+000 0.00000000e+000 5.93515061e-001 2.25695616e-009
  5.99790589e-004]
 [0.00000000e+000 0.00000000e+000 4.95488895e-056 0.00000000e+000
  0.00000000e+000 0.00000000e+000 0.00000000e+000 2.77910062e-001
  0.00000000e+000 0.00000000e+000 0.00000000e+000 7.22089938e-001
  4.96546346e-004]
 [0.00000000e+000 0.00000000e+000 6.33129457e-003 0.00000000e+000
  0.00000000e+000 0.00000000e+000 6.16182130e-002 1.08928055e-136
  0.00000000e+000 0.00000000e+000 0.00000000e+000 9.32050492e-001
  5.41367358e-004]
 [0.00000000e+000 0.00000000e+000 5.76665888e-071 0.00000000e+000
  0.00000000e+000 0.00000000e+000 0.00000000e+000 4.89164571e-159
  0.00000000e+000 0.00000000e+000 8.14450621e-001 1.85549379e-001
  4.98263630e-004]
 [0.00000000e+000 0.00000000e+000 1.08605212e-056 0.00000000e+000
  3.11494558e-001 0.00000000e+000 0.00000000e+000 6.97630537e-145
  0.00000000e+000 0.00000000e+000 0.00000000e+000 6.88505442e-001
  5.79614832e-004]
 [0.00000000e+000 0.00000000e+000 5.57013627e-268 0.00000000e+000
  0.00000000e+000 0.00000000e+000 5.29009273e-001 0.00000000e+000
  0.00000000e+000 0.00000000e+000 0.00000000e+000 4.70990727e-001
  0.00000000e+000]
 [0.00000000e+000 0.00000000e+000 0.00000000e+000 0.00000000e+000
  0.00000000e+000 0.00000000e+000 0.00000000e+000 0.00000000e+000
  3.42547189e-001 0.00000000e+000 6.57452811e-001 7.80027888e-029
  5.52626822e-004]
 [0.00000000e+000 0.00000000e+000 3.43287020e-072 0.00000000e+000
  0.00000000e+000 0.00000000e+000 8.86544422e-001 2.89844605e-160
  0.00000000e+000 0.00000000e+000 0.00000000e+000 1.13455578e-001
  4.31145060e-004]
 [0.00000000e+000 0.00000000e+000 0.00000000e+000 0.00000000e+000
  0.00000000e+000 0.00000000e+000 0.00000000e+000 4.02868874e-001
  0.00000000e+000 5.97131126e-001 0.00000000e+000 0.00000000e+000
  5.16540161e-004]
 [0.00000000e+000 0.00000000e+000 1.53144990e-056 0.00000000e+000
  0.00000000e+000 0.00000000e+000 0.00000000e+000 9.35325222e-145
  5.01854171e-001 0.00000000e+000 0.00000000e+000 4.98145829e-001
  5.26251254e-004]]
→ Best principal utility: 0.0007112506176538143
→ Inferred agent&principal utility:    0.0 0.0004126474770936832
→ Agent and principal score:    0 0.00020674168782769934
[*] Instance 0: 0.00020674168782769934
[*] Dataset loaded: E:\Coding\pythonProject\llm4contract\problems\online_contract_edgeAI\dataset\train_02.pkl with 3 instances.
→ Best principal utility: 0.0006193891649213826
D:\Software\anaconda3\envs\llm4contract\lib\site-packages\sklearn\cluster\_kmeans.py:1419: UserWarning: KMeans is known to have a memory leak on Windows with MKL, when there are less chunks than available threads. You can avoid it by setting the environment variable OMP_NUM_THREADS=1.
  warnings.warn(
The running time is：0.1227 seconds
The inferred contract is [[1.36296671e-002 2.33412474e-003 0.00000000e+000 0.00000000e+000
  0.00000000e+000 0.00000000e+000 4.23596990e-002 0.00000000e+000
  9.41676509e-001 0.00000000e+000 0.00000000e+000 1.28266482e-129
  4.68610362e-004]
 [0.00000000e+000 0.00000000e+000 3.12288430e-001 0.00000000e+000
  0.00000000e+000 0.00000000e+000 0.00000000e+000 0.00000000e+000
  0.00000000e+000 0.00000000e+000 0.00000000e+000 6.87711570e-001
  5.37190587e-004]
 [0.00000000e+000 0.00000000e+000 0.00000000e+000 0.00000000e+000
  0.00000000e+000 0.00000000e+000 0.00000000e+000 0.00000000e+000
  0.00000000e+000 6.12146688e-002 9.38785331e-001 0.00000000e+000
  5.99534507e-004]
 [4.01267283e-002 0.00000000e+000 5.35931881e-002 0.00000000e+000
  0.00000000e+000 0.00000000e+000 0.00000000e+000 2.62488702e-002
  0.00000000e+000 8.24560654e-001 5.54705594e-002 0.00000000e+000
  4.03756459e-004]
 [0.00000000e+000 0.00000000e+000 0.00000000e+000 0.00000000e+000
  0.00000000e+000 0.00000000e+000 1.55760338e-288 0.00000000e+000
  0.00000000e+000 1.55782391e-085 2.32161146e-001 7.67838854e-001
  7.13268139e-004]
 [0.00000000e+000 0.00000000e+000 0.00000000e+000 0.00000000e+000
  0.00000000e+000 0.00000000e+000 5.22245384e-289 3.93813048e-001
  0.00000000e+000 5.38357100e-086 0.00000000e+000 6.06186952e-001
  5.18273898e-004]
 [0.00000000e+000 0.00000000e+000 0.00000000e+000 0.00000000e+000
  0.00000000e+000 0.00000000e+000 4.64249563e-001 0.00000000e+000
  0.00000000e+000 4.70059423e-140 0.00000000e+000 5.35750437e-001
  4.39268352e-004]
 [0.00000000e+000 4.57990660e-002 0.00000000e+000 0.00000000e+000
  0.00000000e+000 0.00000000e+000 1.47874533e-002 0.00000000e+000
  0.00000000e+000 1.15244626e-287 0.00000000e+000 9.39413481e-001
  5.11877303e-004]
 [0.00000000e+000 0.00000000e+000 0.00000000e+000 0.00000000e+000
  5.45944961e-001 0.00000000e+000 1.58788772e-292 0.00000000e+000
  0.00000000e+000 1.35122043e-089 0.00000000e+000 4.54055039e-001
  2.74578767e-004]
 [0.00000000e+000 0.00000000e+000 0.00000000e+000 0.00000000e+000
  0.00000000e+000 2.90418731e-001 0.00000000e+000 0.00000000e+000
  0.00000000e+000 0.00000000e+000 7.09581269e-001 0.00000000e+000
  5.20871603e-004]
 [0.00000000e+000 0.00000000e+000 0.00000000e+000 0.00000000e+000
  0.00000000e+000 4.38551884e-001 1.25874231e-288 0.00000000e+000
  0.00000000e+000 1.36952380e-085 0.00000000e+000 5.61448116e-001
  4.27633537e-004]
 [4.77770332e-100 0.00000000e+000 0.00000000e+000 0.00000000e+000
  0.00000000e+000 0.00000000e+000 1.71416134e-271 3.07630992e-004
  0.00000000e+000 5.04546571e-001 0.00000000e+000 4.95145798e-001
  5.56801324e-004]
 [0.00000000e+000 7.51472509e-019 0.00000000e+000 0.00000000e+000
  0.00000000e+000 0.00000000e+000 1.22373763e-288 0.00000000e+000
  5.03787485e-001 1.34655756e-085 0.00000000e+000 4.96212515e-001
  0.00000000e+000]
 [0.00000000e+000 2.47065923e-037 0.00000000e+000 0.00000000e+000
  0.00000000e+000 0.00000000e+000 0.00000000e+000 0.00000000e+000
  3.69020134e-001 0.00000000e+000 6.30979866e-001 1.90441602e-172
  5.60951550e-004]
 [0.00000000e+000 0.00000000e+000 0.00000000e+000 0.00000000e+000
  0.00000000e+000 0.00000000e+000 3.32186858e-001 0.00000000e+000
  0.00000000e+000 0.00000000e+000 6.67813142e-001 0.00000000e+000
  3.93848476e-004]
 [0.00000000e+000 0.00000000e+000 0.00000000e+000 0.00000000e+000
  0.00000000e+000 0.00000000e+000 0.00000000e+000 0.00000000e+000
  0.00000000e+000 4.42221529e-001 5.57778471e-001 0.00000000e+000
  6.28424825e-004]
 [0.00000000e+000 3.60986442e-001 0.00000000e+000 0.00000000e+000
  0.00000000e+000 0.00000000e+000 0.00000000e+000 0.00000000e+000
  6.39013558e-001 0.00000000e+000 0.00000000e+000 0.00000000e+000
  3.40408324e-004]
 [6.17739727e-002 1.28310962e-001 1.21333915e-001 0.00000000e+000
  0.00000000e+000 0.00000000e+000 0.00000000e+000 0.00000000e+000
  0.00000000e+000 0.00000000e+000 6.88581150e-001 0.00000000e+000
  4.14580125e-004]
 [0.00000000e+000 0.00000000e+000 0.00000000e+000 0.00000000e+000
  0.00000000e+000 0.00000000e+000 2.16026380e-292 0.00000000e+000
  0.00000000e+000 2.00881752e-089 7.36080017e-001 2.63919983e-001
  6.21266159e-004]
 [0.00000000e+000 0.00000000e+000 0.00000000e+000 0.00000000e+000
  0.00000000e+000 0.00000000e+000 0.00000000e+000 6.41174262e-001
  0.00000000e+000 0.00000000e+000 3.58825738e-001 0.00000000e+000
  5.05759488e-004]]
→ Best principal utility: 0.0006642325543552241
→ Inferred agent&principal utility:    0.0 0.0004126474770936832
→ Agent and principal score:    0 0.00020674168782769934
[*] Instance 1: 0.00020674168782769934
[*] Dataset loaded: E:\Coding\pythonProject\llm4contract\problems\online_contract_edgeAI\dataset\train_03.pkl with 3 instances.
→ Best principal utility: 0.0006193891649213826
D:\Software\anaconda3\envs\llm4contract\lib\site-packages\sklearn\cluster\_kmeans.py:1419: UserWarning: KMeans is known to have a memory leak on Windows with MKL, when there are less chunks than available threads. You can avoid it by setting the environment variable OMP_NUM_THREADS=1.
  warnings.warn(
The running time is：0.1242 seconds
The inferred contract is [[0.00000000e+000 0.00000000e+000 0.00000000e+000 0.00000000e+000
  1.56601738e-001 0.00000000e+000 0.00000000e+000 2.72763119e-001
  7.07725346e-101 0.00000000e+000 5.70635143e-001 0.00000000e+000
  2.48632121e-004]
 [0.00000000e+000 1.61109028e-002 1.28651298e-001 0.00000000e+000
  0.00000000e+000 5.20684529e-002 0.00000000e+000 0.00000000e+000
  0.00000000e+000 0.00000000e+000 0.00000000e+000 8.03169346e-001
  4.97252808e-004]
 [0.00000000e+000 0.00000000e+000 0.00000000e+000 0.00000000e+000
  0.00000000e+000 4.10933022e-001 0.00000000e+000 0.00000000e+000
  0.00000000e+000 5.89066978e-001 0.00000000e+000 0.00000000e+000
  4.21820706e-004]
 [0.00000000e+000 0.00000000e+000 0.00000000e+000 0.00000000e+000
  0.00000000e+000 0.00000000e+000 0.00000000e+000 0.00000000e+000
  6.69662623e-001 0.00000000e+000 0.00000000e+000 3.30337377e-001
  6.15330982e-004]
 [0.00000000e+000 0.00000000e+000 0.00000000e+000 0.00000000e+000
  0.00000000e+000 0.00000000e+000 0.00000000e+000 3.05367533e-001
  0.00000000e+000 0.00000000e+000 1.62193437e-127 6.94632467e-001
  5.32475222e-004]
 [0.00000000e+000 0.00000000e+000 0.00000000e+000 0.00000000e+000
  0.00000000e+000 0.00000000e+000 0.00000000e+000 0.00000000e+000
  1.37121673e-109 0.00000000e+000 5.54934934e-001 4.45065066e-001
  6.93297768e-004]
 [0.00000000e+000 0.00000000e+000 0.00000000e+000 0.00000000e+000
  0.00000000e+000 0.00000000e+000 5.56800118e-001 0.00000000e+000
  0.00000000e+000 0.00000000e+000 6.82407826e-134 4.43199882e-001
  5.42590778e-004]
 [0.00000000e+000 0.00000000e+000 1.06298880e-001 9.22032348e-002
  0.00000000e+000 0.00000000e+000 3.19106106e-002 0.00000000e+000
  0.00000000e+000 7.23461904e-001 4.61253707e-002 0.00000000e+000
  5.32503797e-004]
 [0.00000000e+000 0.00000000e+000 0.00000000e+000 5.82932663e-001
  0.00000000e+000 0.00000000e+000 0.00000000e+000 0.00000000e+000
  9.72117183e-146 0.00000000e+000 4.17067337e-001 0.00000000e+000
  4.14298393e-004]
 [0.00000000e+000 0.00000000e+000 0.00000000e+000 0.00000000e+000
  0.00000000e+000 0.00000000e+000 0.00000000e+000 6.17427437e-001
  0.00000000e+000 3.82572563e-001 0.00000000e+000 0.00000000e+000
  3.09735113e-004]
 [0.00000000e+000 0.00000000e+000 0.00000000e+000 0.00000000e+000
  0.00000000e+000 0.00000000e+000 2.51825395e-001 0.00000000e+000
  0.00000000e+000 0.00000000e+000 4.50585037e-127 7.48174605e-001
  4.10398667e-004]
 [0.00000000e+000 0.00000000e+000 8.01843771e-002 0.00000000e+000
  0.00000000e+000 0.00000000e+000 8.04705460e-001 0.00000000e+000
  0.00000000e+000 0.00000000e+000 1.15110163e-001 0.00000000e+000
  3.40141960e-004]
 [0.00000000e+000 0.00000000e+000 0.00000000e+000 0.00000000e+000
  0.00000000e+000 0.00000000e+000 0.00000000e+000 0.00000000e+000
  0.00000000e+000 4.71007682e-001 6.71751374e-127 5.28992318e-001
  5.83997592e-004]
 [1.67986659e-001 0.00000000e+000 0.00000000e+000 0.00000000e+000
  8.87128359e-002 0.00000000e+000 0.00000000e+000 0.00000000e+000
  0.00000000e+000 0.00000000e+000 3.24821163e-115 7.43300505e-001
  4.54784177e-004]
 [0.00000000e+000 0.00000000e+000 0.00000000e+000 0.00000000e+000
  0.00000000e+000 0.00000000e+000 0.00000000e+000 0.00000000e+000
  3.97335815e-001 0.00000000e+000 8.01115903e-135 6.02664185e-001
  6.52748008e-004]
 [0.00000000e+000 0.00000000e+000 0.00000000e+000 0.00000000e+000
  0.00000000e+000 6.57613093e-002 0.00000000e+000 0.00000000e+000
  4.78826068e-002 0.00000000e+000 8.86356084e-001 0.00000000e+000
  5.20596597e-004]
 [0.00000000e+000 0.00000000e+000 0.00000000e+000 0.00000000e+000
  0.00000000e+000 0.00000000e+000 0.00000000e+000 0.00000000e+000
  0.00000000e+000 5.72250979e-001 4.27749021e-001 0.00000000e+000
  5.80654310e-004]
 [0.00000000e+000 0.00000000e+000 0.00000000e+000 0.00000000e+000
  0.00000000e+000 0.00000000e+000 0.00000000e+000 5.51816059e-001
  0.00000000e+000 0.00000000e+000 2.56148819e-132 4.48183941e-001
  5.78311121e-004]
 [0.00000000e+000 3.67904339e-001 0.00000000e+000 0.00000000e+000
  0.00000000e+000 0.00000000e+000 0.00000000e+000 0.00000000e+000
  6.32095661e-001 0.00000000e+000 0.00000000e+000 0.00000000e+000
  4.21133947e-004]
 [0.00000000e+000 0.00000000e+000 0.00000000e+000 0.00000000e+000
  0.00000000e+000 0.00000000e+000 3.26359890e-002 0.00000000e+000
  8.01310016e-001 7.79394357e-002 0.00000000e+000 8.81145597e-002
  4.56601681e-004]]
→ Best principal utility: 0.00036889077323097217
→ Inferred agent&principal utility:    8.712614409757838e-05 0.0003255213329961048
→ Agent and principal score:    0 0.00029386783192527775
[*] Instance 2: 0.00029386783192527775
[*] Average:
0.00023578373586022547
