[*] Running ...
[*] Dataset loaded: E:\Coding\pythonProject\llm4contract\problems\online_contract_edgeAI\dataset\train_01.pkl with 3 instances.
→ Best principal utility: 0.0006193891649213826
D:\Software\anaconda3\envs\llm4contract\lib\site-packages\sklearn\cluster\_kmeans.py:1419: UserWarning: KMeans is known to have a memory leak on Windows with MKL, when there are less chunks than available threads. You can avoid it by setting the environment variable OMP_NUM_THREADS=1.
  warnings.warn(
The running time is：0.6927 seconds
The inferred contract is [[1.26080283e-002 0.00000000e+000 0.00000000e+000 0.00000000e+000
  0.00000000e+000 6.40581425e-002 0.00000000e+000 0.00000000e+000
  1.71273594e-001 0.00000000e+000 7.52060235e-001 1.40428063e-044
  1.30706580e-004]
 [8.14424600e-002 0.00000000e+000 2.53311371e-003 0.00000000e+000
  3.62697662e-002 2.38352851e-001 0.00000000e+000 1.05526425e-134
  0.00000000e+000 0.00000000e+000 0.00000000e+000 6.41401809e-001
  1.72381945e-004]
 [0.00000000e+000 0.00000000e+000 6.38431255e-048 0.00000000e+000
  4.91561932e-002 1.17440724e-002 0.00000000e+000 1.75151971e-002
  1.32371630e-002 5.54868135e-001 0.00000000e+000 3.53479240e-001
  2.01927521e-004]
 [1.19570713e-002 0.00000000e+000 1.44939950e-047 0.00000000e+000
  0.00000000e+000 0.00000000e+000 0.00000000e+000 9.85131377e-127
  5.23106833e-001 0.00000000e+000 0.00000000e+000 4.64936096e-001
  2.29220879e-004]
 [0.00000000e+000 0.00000000e+000 1.66070432e-047 0.00000000e+000
  0.00000000e+000 0.00000000e+000 1.28940898e-001 1.18273978e-001
  0.00000000e+000 0.00000000e+000 3.38495701e-001 4.14289424e-001
  1.58761512e-004]]
→ Best principal utility: 0.0005231256820458777
→ Inferred agent&principal utility:    2.4238517168936542e-05 0.0005951506477525461
→ Agent and principal score:    0 2.4238517168836504e-05
[*] Instance 0: 2.4238517168836504e-05
[*] Dataset loaded: E:\Coding\pythonProject\llm4contract\problems\online_contract_edgeAI\dataset\train_02.pkl with 3 instances.
→ Best principal utility: 0.0006193891649213826
D:\Software\anaconda3\envs\llm4contract\lib\site-packages\sklearn\cluster\_kmeans.py:1419: UserWarning: KMeans is known to have a memory leak on Windows with MKL, when there are less chunks than available threads. You can avoid it by setting the environment variable OMP_NUM_THREADS=1.
  warnings.warn(
The running time is：0.1127 seconds
The inferred contract is [[2.04445021e-003 2.29793077e-002 0.00000000e+000 0.00000000e+000
  0.00000000e+000 0.00000000e+000 7.83269547e-003 0.00000000e+000
  5.25853361e-001 3.55311015e-066 0.00000000e+000 4.41290186e-001
  1.55101526e-004]
 [0.00000000e+000 0.00000000e+000 0.00000000e+000 0.00000000e+000
  3.94672338e-002 7.02646012e-002 7.09553276e-234 8.18790450e-002
  0.00000000e+000 8.82308358e-069 3.81910545e-001 4.26478575e-001
  3.22739488e-004]
 [3.08869760e-002 6.41555460e-002 0.00000000e+000 0.00000000e+000
  0.00000000e+000 0.00000000e+000 1.32874709e-001 0.00000000e+000
  1.10706249e-001 0.00000000e+000 6.61376520e-001 1.21828291e-134
  2.02647599e-004]
 [8.18869190e-003 0.00000000e+000 4.84431468e-002 0.00000000e+000
  0.00000000e+000 0.00000000e+000 1.84567275e-228 5.51985005e-003
  0.00000000e+000 4.74567653e-001 1.58545267e-001 3.04735391e-001
  2.03568147e-004]
 [0.00000000e+000 0.00000000e+000 0.00000000e+000 0.00000000e+000
  0.00000000e+000 0.00000000e+000 4.64249563e-001 0.00000000e+000
  0.00000000e+000 1.64486348e-132 0.00000000e+000 5.35750437e-001
  2.18482976e-004]]
→ Best principal utility: 0.0004957291559195917
→ Inferred agent&principal utility:    0.0 0.0004126474770936832
→ Agent and principal score:    0 0.00020674168782769934
[*] Instance 1: 0.00020674168782769934
[*] Dataset loaded: E:\Coding\pythonProject\llm4contract\problems\online_contract_edgeAI\dataset\train_03.pkl with 3 instances.
→ Best principal utility: 0.0006193891649213826
D:\Software\anaconda3\envs\llm4contract\lib\site-packages\sklearn\cluster\_kmeans.py:1419: UserWarning: KMeans is known to have a memory leak on Windows with MKL, when there are less chunks than available threads. You can avoid it by setting the environment variable OMP_NUM_THREADS=1.
  warnings.warn(
The running time is：0.1197 seconds
The inferred contract is [[0.00000000e+000 0.00000000e+000 0.00000000e+000 4.85779319e-002
  4.08859390e-002 8.22019921e-003 0.00000000e+000 4.54592450e-002
  5.98535172e-003 9.86525635e-288 6.58660179e-001 1.92211154e-001
  1.69529305e-004]
 [2.24002143e-002 0.00000000e+000 3.13294780e-002 0.00000000e+000
  0.00000000e+000 0.00000000e+000 0.00000000e+000 0.00000000e+000
  0.00000000e+000 3.95994799e-001 4.76618895e-105 5.50275508e-001
  2.14715701e-004]
 [0.00000000e+000 0.00000000e+000 0.00000000e+000 4.61013323e-002
  0.00000000e+000 1.28766685e-001 1.59552067e-002 7.71781256e-002
  2.91137874e-110 5.56496637e-001 7.65332498e-002 9.89687627e-002
  7.77450963e-005]
 [0.00000000e+000 3.60172755e-002 0.00000000e+000 0.00000000e+000
  0.00000000e+000 0.00000000e+000 1.08830930e-002 0.00000000e+000
  5.63648284e-001 2.59881732e-002 3.00218844e-103 3.63463174e-001
  2.04856696e-004]
 [0.00000000e+000 0.00000000e+000 6.16830927e-003 0.00000000e+000
  0.00000000e+000 0.00000000e+000 1.83284196e-001 1.70258653e-001
  6.85165207e-140 8.53852080e-293 2.85371563e-002 6.11751686e-001
  1.13472937e-004]]
→ Best principal utility: 0.0005443824780911684
→ Inferred agent&principal utility:    0.0 0.0004126474770936832
→ Agent and principal score:    0 0.00020674168782769934
[*] Instance 2: 0.00020674168782769934
[*] Average:
0.0001459072976080784
