[*] Running ...
[*] Dataset loaded: E:\Coding\pythonProject\llm4contract\problems\online_contract_edgeAI\dataset\train_01.pkl with 3 instances.
→ Best principal utility: 0.0006193891649213826
D:\Software\anaconda3\envs\llm4contract\lib\site-packages\sklearn\cluster\_kmeans.py:1419: UserWarning: KMeans is known to have a memory leak on Windows with MKL, when there are less chunks than available threads. You can avoid it by setting the environment variable OMP_NUM_THREADS=1.
  warnings.warn(
D:\Software\anaconda3\envs\llm4contract\lib\site-packages\sklearn\cluster\_kmeans.py:1419: UserWarning: KMeans is known to have a memory leak on Windows with MKL, when there are less chunks than available threads. You can avoid it by setting the environment variable OMP_NUM_THREADS=1.
  warnings.warn(
D:\Software\anaconda3\envs\llm4contract\lib\site-packages\sklearn\cluster\_kmeans.py:1419: UserWarning: KMeans is known to have a memory leak on Windows with MKL, when there are less chunks than available threads. You can avoid it by setting the environment variable OMP_NUM_THREADS=1.
  warnings.warn(
D:\Software\anaconda3\envs\llm4contract\lib\site-packages\sklearn\cluster\_kmeans.py:1419: UserWarning: KMeans is known to have a memory leak on Windows with MKL, when there are less chunks than available threads. You can avoid it by setting the environment variable OMP_NUM_THREADS=1.
  warnings.warn(
D:\Software\anaconda3\envs\llm4contract\lib\site-packages\sklearn\cluster\_kmeans.py:1419: UserWarning: KMeans is known to have a memory leak on Windows with MKL, when there are less chunks than available threads. You can avoid it by setting the environment variable OMP_NUM_THREADS=1.
  warnings.warn(
D:\Software\anaconda3\envs\llm4contract\lib\site-packages\sklearn\cluster\_kmeans.py:1419: UserWarning: KMeans is known to have a memory leak on Windows with MKL, when there are less chunks than available threads. You can avoid it by setting the environment variable OMP_NUM_THREADS=1.
  warnings.warn(
D:\Software\anaconda3\envs\llm4contract\lib\site-packages\sklearn\cluster\_kmeans.py:1419: UserWarning: KMeans is known to have a memory leak on Windows with MKL, when there are less chunks than available threads. You can avoid it by setting the environment variable OMP_NUM_THREADS=1.
  warnings.warn(
D:\Software\anaconda3\envs\llm4contract\lib\site-packages\sklearn\cluster\_kmeans.py:1419: UserWarning: KMeans is known to have a memory leak on Windows with MKL, when there are less chunks than available threads. You can avoid it by setting the environment variable OMP_NUM_THREADS=1.
  warnings.warn(
D:\Software\anaconda3\envs\llm4contract\lib\site-packages\sklearn\cluster\_kmeans.py:1419: UserWarning: KMeans is known to have a memory leak on Windows with MKL, when there are less chunks than available threads. You can avoid it by setting the environment variable OMP_NUM_THREADS=1.
  warnings.warn(
D:\Software\anaconda3\envs\llm4contract\lib\site-packages\sklearn\cluster\_kmeans.py:1419: UserWarning: KMeans is known to have a memory leak on Windows with MKL, when there are less chunks than available threads. You can avoid it by setting the environment variable OMP_NUM_THREADS=1.
  warnings.warn(
The running time is：1.2406 seconds
The inferred contract is [[2.52160567e-002 0.00000000e+000 0.00000000e+000 0.00000000e+000
  0.00000000e+000 1.28116285e-001 0.00000000e+000 0.00000000e+000
  0.00000000e+000 0.00000000e+000 8.46667658e-001 0.00000000e+000
  5.23638578e-004]
 [4.07116509e-001 0.00000000e+000 0.00000000e+000 0.00000000e+000
  0.00000000e+000 0.00000000e+000 0.00000000e+000 0.00000000e+000
  0.00000000e+000 0.00000000e+000 0.00000000e+000 5.92883491e-001
  3.93702462e-004]
 [0.00000000e+000 0.00000000e+000 0.00000000e+000 0.00000000e+000
  3.77482292e-001 0.00000000e+000 0.00000000e+000 0.00000000e+000
  0.00000000e+000 6.22517708e-001 0.00000000e+000 0.00000000e+000
  4.36998643e-004]
 [1.79356065e-001 0.00000000e+000 0.00000000e+000 0.00000000e+000
  0.00000000e+000 0.00000000e+000 0.00000000e+000 0.00000000e+000
  8.20643935e-001 0.00000000e+000 0.00000000e+000 0.00000000e+000
  2.86135590e-004]
 [0.00000000e+000 0.00000000e+000 0.00000000e+000 0.00000000e+000
  0.00000000e+000 0.00000000e+000 4.98735980e-001 0.00000000e+000
  0.00000000e+000 0.00000000e+000 5.01264019e-001 4.50680517e-010
  4.91964394e-004]
 [0.00000000e+000 0.00000000e+000 2.03998667e-061 0.00000000e+000
  0.00000000e+000 0.00000000e+000 0.00000000e+000 6.53701937e-001
  0.00000000e+000 0.00000000e+000 0.00000000e+000 3.46298063e-001
  4.56941753e-004]
 [0.00000000e+000 0.00000000e+000 0.00000000e+000 0.00000000e+000
  0.00000000e+000 5.95741956e-001 0.00000000e+000 0.00000000e+000
  0.00000000e+000 0.00000000e+000 0.00000000e+000 4.04258044e-001
  4.49988511e-004]
 [0.00000000e+000 0.00000000e+000 1.35175210e-056 0.00000000e+000
  0.00000000e+000 0.00000000e+000 0.00000000e+000 8.19908252e-145
  0.00000000e+000 5.95157713e-001 0.00000000e+000 4.04842287e-001
  5.68396113e-004]
 [0.00000000e+000 0.00000000e+000 0.00000000e+000 0.00000000e+000
  0.00000000e+000 1.35064879e-001 0.00000000e+000 0.00000000e+000
  1.52236429e-001 7.12698692e-001 0.00000000e+000 0.00000000e+000
  4.24730147e-004]
 [0.00000000e+000 0.00000000e+000 4.72859108e-056 0.00000000e+000
  0.00000000e+000 0.00000000e+000 0.00000000e+000 2.94139905e-144
  0.00000000e+000 0.00000000e+000 2.56522648e-001 7.43477352e-001
  0.00000000e+000]
 [0.00000000e+000 0.00000000e+000 0.00000000e+000 0.00000000e+000
  0.00000000e+000 0.00000000e+000 0.00000000e+000 4.06484937e-001
  0.00000000e+000 0.00000000e+000 5.93515061e-001 2.25695616e-009
  5.99790589e-004]
 [0.00000000e+000 0.00000000e+000 4.95488895e-056 0.00000000e+000
  0.00000000e+000 0.00000000e+000 0.00000000e+000 2.77910062e-001
  0.00000000e+000 0.00000000e+000 0.00000000e+000 7.22089938e-001
  4.96546346e-004]
 [0.00000000e+000 0.00000000e+000 6.33129457e-003 0.00000000e+000
  0.00000000e+000 0.00000000e+000 6.16182130e-002 1.08928055e-136
  0.00000000e+000 0.00000000e+000 0.00000000e+000 9.32050492e-001
  5.41367358e-004]
 [0.00000000e+000 0.00000000e+000 5.76665888e-071 0.00000000e+000
  0.00000000e+000 0.00000000e+000 0.00000000e+000 4.89164571e-159
  0.00000000e+000 0.00000000e+000 8.14450621e-001 1.85549379e-001
  4.98263630e-004]
 [0.00000000e+000 0.00000000e+000 1.08605212e-056 0.00000000e+000
  3.11494558e-001 0.00000000e+000 0.00000000e+000 6.97630537e-145
  0.00000000e+000 0.00000000e+000 0.00000000e+000 6.88505442e-001
  5.79614832e-004]
 [0.00000000e+000 0.00000000e+000 5.57013627e-268 0.00000000e+000
  0.00000000e+000 0.00000000e+000 5.29009273e-001 0.00000000e+000
  0.00000000e+000 0.00000000e+000 0.00000000e+000 4.70990727e-001
  0.00000000e+000]
 [0.00000000e+000 0.00000000e+000 0.00000000e+000 0.00000000e+000
  0.00000000e+000 0.00000000e+000 0.00000000e+000 0.00000000e+000
  3.42547189e-001 0.00000000e+000 6.57452811e-001 7.80027888e-029
  5.52626822e-004]
 [0.00000000e+000 0.00000000e+000 3.43287020e-072 0.00000000e+000
  0.00000000e+000 0.00000000e+000 8.86544422e-001 2.89844605e-160
  0.00000000e+000 0.00000000e+000 0.00000000e+000 1.13455578e-001
  4.31145060e-004]
 [0.00000000e+000 0.00000000e+000 0.00000000e+000 0.00000000e+000
  0.00000000e+000 0.00000000e+000 0.00000000e+000 4.02868874e-001
  0.00000000e+000 5.97131126e-001 0.00000000e+000 0.00000000e+000
  5.16540161e-004]
 [0.00000000e+000 0.00000000e+000 1.53144990e-056 0.00000000e+000
  0.00000000e+000 0.00000000e+000 0.00000000e+000 9.35325222e-145
  5.01854171e-001 0.00000000e+000 0.00000000e+000 4.98145829e-001
  5.26251254e-004]]
→ Best principal utility: 0.0007112506176538143
→ Inferred agent&principal utility:    0.0 0.0004126474770936832
→ Agent and principal score:    0 0.00020674168782769934
[*] Instance 0: 0.00020674168782769934
[*] Dataset loaded: E:\Coding\pythonProject\llm4contract\problems\online_contract_edgeAI\dataset\train_02.pkl with 3 instances.
→ Best principal utility: 0.0006193891649213826
D:\Software\anaconda3\envs\llm4contract\lib\site-packages\sklearn\cluster\_kmeans.py:1419: UserWarning: KMeans is known to have a memory leak on Windows with MKL, when there are less chunks than available threads. You can avoid it by setting the environment variable OMP_NUM_THREADS=1.
  warnings.warn(
D:\Software\anaconda3\envs\llm4contract\lib\site-packages\sklearn\cluster\_kmeans.py:1419: UserWarning: KMeans is known to have a memory leak on Windows with MKL, when there are less chunks than available threads. You can avoid it by setting the environment variable OMP_NUM_THREADS=1.
  warnings.warn(
D:\Software\anaconda3\envs\llm4contract\lib\site-packages\sklearn\cluster\_kmeans.py:1419: UserWarning: KMeans is known to have a memory leak on Windows with MKL, when there are less chunks than available threads. You can avoid it by setting the environment variable OMP_NUM_THREADS=1.
  warnings.warn(
D:\Software\anaconda3\envs\llm4contract\lib\site-packages\sklearn\cluster\_kmeans.py:1419: UserWarning: KMeans is known to have a memory leak on Windows with MKL, when there are less chunks than available threads. You can avoid it by setting the environment variable OMP_NUM_THREADS=1.
  warnings.warn(
D:\Software\anaconda3\envs\llm4contract\lib\site-packages\sklearn\cluster\_kmeans.py:1419: UserWarning: KMeans is known to have a memory leak on Windows with MKL, when there are less chunks than available threads. You can avoid it by setting the environment variable OMP_NUM_THREADS=1.
  warnings.warn(
D:\Software\anaconda3\envs\llm4contract\lib\site-packages\sklearn\cluster\_kmeans.py:1419: UserWarning: KMeans is known to have a memory leak on Windows with MKL, when there are less chunks than available threads. You can avoid it by setting the environment variable OMP_NUM_THREADS=1.
  warnings.warn(
D:\Software\anaconda3\envs\llm4contract\lib\site-packages\sklearn\cluster\_kmeans.py:1419: UserWarning: KMeans is known to have a memory leak on Windows with MKL, when there are less chunks than available threads. You can avoid it by setting the environment variable OMP_NUM_THREADS=1.
  warnings.warn(
D:\Software\anaconda3\envs\llm4contract\lib\site-packages\sklearn\cluster\_kmeans.py:1419: UserWarning: KMeans is known to have a memory leak on Windows with MKL, when there are less chunks than available threads. You can avoid it by setting the environment variable OMP_NUM_THREADS=1.
  warnings.warn(
D:\Software\anaconda3\envs\llm4contract\lib\site-packages\sklearn\cluster\_kmeans.py:1419: UserWarning: KMeans is known to have a memory leak on Windows with MKL, when there are less chunks than available threads. You can avoid it by setting the environment variable OMP_NUM_THREADS=1.
  warnings.warn(
D:\Software\anaconda3\envs\llm4contract\lib\site-packages\sklearn\cluster\_kmeans.py:1419: UserWarning: KMeans is known to have a memory leak on Windows with MKL, when there are less chunks than available threads. You can avoid it by setting the environment variable OMP_NUM_THREADS=1.
  warnings.warn(
The running time is：0.4426 seconds
The inferred contract is [[0.00000000e+000 1.28310962e-001 0.00000000e+000 0.00000000e+000
  0.00000000e+000 0.00000000e+000 0.00000000e+000 0.00000000e+000
  2.21412080e-001 0.00000000e+000 6.50276958e-001 1.60436308e-148
  5.85501671e-004]
 [0.00000000e+000 3.05327107e-002 1.04096143e-001 0.00000000e+000
  0.00000000e+000 0.00000000e+000 9.85830219e-003 0.00000000e+000
  0.00000000e+000 5.93610615e-277 0.00000000e+000 8.55512844e-001
  6.80132107e-004]
 [1.36296671e-002 2.33412474e-003 0.00000000e+000 0.00000000e+000
  0.00000000e+000 0.00000000e+000 4.23596990e-002 0.00000000e+000
  9.41676509e-001 0.00000000e+000 0.00000000e+000 1.28266482e-129
  4.68610362e-004]
 [5.01266125e-002 0.00000000e+000 6.69490159e-002 0.00000000e+000
  0.00000000e+000 0.00000000e+000 0.00000000e+000 3.27928186e-002
  0.00000000e+000 8.50131553e-001 0.00000000e+000 0.00000000e+000
  4.37107301e-004]
 [0.00000000e+000 0.00000000e+000 0.00000000e+000 0.00000000e+000
  0.00000000e+000 0.00000000e+000 8.62668503e-287 3.93813048e-001
  0.00000000e+000 5.37763640e-086 0.00000000e+000 6.06186952e-001
  5.18273898e-004]
 [0.00000000e+000 0.00000000e+000 0.00000000e+000 0.00000000e+000
  0.00000000e+000 0.00000000e+000 1.12154763e-286 0.00000000e+000
  0.00000000e+000 7.34849190e-086 5.57006791e-001 4.42993209e-001
  6.20241245e-004]
 [0.00000000e+000 0.00000000e+000 0.00000000e+000 0.00000000e+000
  5.45944961e-001 0.00000000e+000 2.62294463e-290 0.00000000e+000
  0.00000000e+000 1.34973091e-089 0.00000000e+000 4.54055039e-001
  3.13949419e-004]
 [0.00000000e+000 0.00000000e+000 0.00000000e+000 0.00000000e+000
  0.00000000e+000 5.68594122e-001 1.24012037e-288 0.00000000e+000
  0.00000000e+000 7.15659019e-088 0.00000000e+000 4.31405878e-001
  3.50505880e-004]
 [0.00000000e+000 7.51472509e-019 0.00000000e+000 0.00000000e+000
  0.00000000e+000 0.00000000e+000 2.02142506e-286 0.00000000e+000
  5.03787485e-001 1.34507318e-085 0.00000000e+000 4.96212515e-001
  6.29949710e-004]
 [1.02956621e-001 0.00000000e+000 6.57987411e-002 0.00000000e+000
  0.00000000e+000 0.00000000e+000 0.00000000e+000 0.00000000e+000
  0.00000000e+000 2.04048896e-002 8.10839748e-001 0.00000000e+000
  4.20934064e-004]
 [0.00000000e+000 0.00000000e+000 0.00000000e+000 0.00000000e+000
  0.00000000e+000 0.00000000e+000 4.64249563e-001 0.00000000e+000
  0.00000000e+000 4.69541252e-140 0.00000000e+000 5.35750437e-001
  4.39268352e-004]
 [0.00000000e+000 0.00000000e+000 0.00000000e+000 0.00000000e+000
  0.00000000e+000 0.00000000e+000 0.00000000e+000 0.00000000e+000
  0.00000000e+000 7.22646114e-001 2.77353886e-001 0.00000000e+000
  5.42462385e-004]
 [3.96005867e-102 0.00000000e+000 0.00000000e+000 0.00000000e+000
  0.00000000e+000 0.00000000e+000 2.71461477e-269 3.06911409e-004
  0.00000000e+000 5.04450775e-001 0.00000000e+000 4.95242313e-001
  6.67628294e-004]
 [0.00000000e+000 0.00000000e+000 0.00000000e+000 0.00000000e+000
  0.00000000e+000 4.84099310e-002 0.00000000e+000 0.00000000e+000
  0.00000000e+000 0.00000000e+000 0.00000000e+000 9.51590069e-001
  5.05523128e-004]
 [0.00000000e+000 0.00000000e+000 0.00000000e+000 0.00000000e+000
  0.00000000e+000 2.90418731e-001 0.00000000e+000 0.00000000e+000
  0.00000000e+000 0.00000000e+000 7.09581269e-001 0.00000000e+000
  5.00933237e-004]
 [0.00000000e+000 0.00000000e+000 0.00000000e+000 0.00000000e+000
  0.00000000e+000 0.00000000e+000 3.32186858e-001 0.00000000e+000
  0.00000000e+000 0.00000000e+000 6.67813142e-001 0.00000000e+000
  3.93848476e-004]
 [0.00000000e+000 0.00000000e+000 4.09273353e-001 0.00000000e+000
  0.00000000e+000 0.00000000e+000 0.00000000e+000 0.00000000e+000
  0.00000000e+000 0.00000000e+000 5.90726647e-001 0.00000000e+000
  4.66765127e-004]
 [0.00000000e+000 0.00000000e+000 0.00000000e+000 0.00000000e+000
  0.00000000e+000 0.00000000e+000 0.00000000e+000 6.41174262e-001
  0.00000000e+000 0.00000000e+000 3.58825738e-001 0.00000000e+000
  4.88289907e-004]
 [0.00000000e+000 3.60986442e-001 0.00000000e+000 0.00000000e+000
  0.00000000e+000 0.00000000e+000 0.00000000e+000 0.00000000e+000
  6.39013558e-001 0.00000000e+000 0.00000000e+000 0.00000000e+000
  3.40408324e-004]
 [0.00000000e+000 0.00000000e+000 0.00000000e+000 0.00000000e+000
  0.00000000e+000 0.00000000e+000 0.00000000e+000 0.00000000e+000
  0.00000000e+000 4.42221529e-001 5.57778471e-001 0.00000000e+000
  0.00000000e+000]]
→ Best principal utility: 0.0006668246056756491
→ Inferred agent&principal utility:    0.0 0.0004126474770936832
→ Agent and principal score:    0 0.00020674168782769934
[*] Instance 1: 0.00020674168782769934
[*] Dataset loaded: E:\Coding\pythonProject\llm4contract\problems\online_contract_edgeAI\dataset\train_03.pkl with 3 instances.
→ Best principal utility: 0.0006193891649213826
D:\Software\anaconda3\envs\llm4contract\lib\site-packages\sklearn\cluster\_kmeans.py:1419: UserWarning: KMeans is known to have a memory leak on Windows with MKL, when there are less chunks than available threads. You can avoid it by setting the environment variable OMP_NUM_THREADS=1.
  warnings.warn(
D:\Software\anaconda3\envs\llm4contract\lib\site-packages\sklearn\cluster\_kmeans.py:1419: UserWarning: KMeans is known to have a memory leak on Windows with MKL, when there are less chunks than available threads. You can avoid it by setting the environment variable OMP_NUM_THREADS=1.
  warnings.warn(
D:\Software\anaconda3\envs\llm4contract\lib\site-packages\sklearn\cluster\_kmeans.py:1419: UserWarning: KMeans is known to have a memory leak on Windows with MKL, when there are less chunks than available threads. You can avoid it by setting the environment variable OMP_NUM_THREADS=1.
  warnings.warn(
D:\Software\anaconda3\envs\llm4contract\lib\site-packages\sklearn\cluster\_kmeans.py:1419: UserWarning: KMeans is known to have a memory leak on Windows with MKL, when there are less chunks than available threads. You can avoid it by setting the environment variable OMP_NUM_THREADS=1.
  warnings.warn(
D:\Software\anaconda3\envs\llm4contract\lib\site-packages\sklearn\cluster\_kmeans.py:1419: UserWarning: KMeans is known to have a memory leak on Windows with MKL, when there are less chunks than available threads. You can avoid it by setting the environment variable OMP_NUM_THREADS=1.
  warnings.warn(
D:\Software\anaconda3\envs\llm4contract\lib\site-packages\sklearn\cluster\_kmeans.py:1419: UserWarning: KMeans is known to have a memory leak on Windows with MKL, when there are less chunks than available threads. You can avoid it by setting the environment variable OMP_NUM_THREADS=1.
  warnings.warn(
D:\Software\anaconda3\envs\llm4contract\lib\site-packages\sklearn\cluster\_kmeans.py:1419: UserWarning: KMeans is known to have a memory leak on Windows with MKL, when there are less chunks than available threads. You can avoid it by setting the environment variable OMP_NUM_THREADS=1.
  warnings.warn(
D:\Software\anaconda3\envs\llm4contract\lib\site-packages\sklearn\cluster\_kmeans.py:1419: UserWarning: KMeans is known to have a memory leak on Windows with MKL, when there are less chunks than available threads. You can avoid it by setting the environment variable OMP_NUM_THREADS=1.
  warnings.warn(
D:\Software\anaconda3\envs\llm4contract\lib\site-packages\sklearn\cluster\_kmeans.py:1419: UserWarning: KMeans is known to have a memory leak on Windows with MKL, when there are less chunks than available threads. You can avoid it by setting the environment variable OMP_NUM_THREADS=1.
  warnings.warn(
D:\Software\anaconda3\envs\llm4contract\lib\site-packages\sklearn\cluster\_kmeans.py:1419: UserWarning: KMeans is known to have a memory leak on Windows with MKL, when there are less chunks than available threads. You can avoid it by setting the environment variable OMP_NUM_THREADS=1.
  warnings.warn(
The running time is：0.3957 seconds
The inferred contract is [[0.00000000e+000 0.00000000e+000 0.00000000e+000 0.00000000e+000
  0.00000000e+000 0.00000000e+000 0.00000000e+000 0.00000000e+000
  0.00000000e+000 5.72250979e-001 4.27749021e-001 0.00000000e+000
  6.31743280e-004]
 [0.00000000e+000 0.00000000e+000 2.57302596e-001 0.00000000e+000
  0.00000000e+000 0.00000000e+000 0.00000000e+000 0.00000000e+000
  0.00000000e+000 0.00000000e+000 0.00000000e+000 7.42697404e-001
  4.96844623e-004]
 [0.00000000e+000 0.00000000e+000 0.00000000e+000 0.00000000e+000
  0.00000000e+000 0.00000000e+000 0.00000000e+000 0.00000000e+000
  1.37121673e-109 0.00000000e+000 5.54934934e-001 4.45065066e-001
  6.93297768e-004]
 [0.00000000e+000 0.00000000e+000 0.00000000e+000 0.00000000e+000
  0.00000000e+000 0.00000000e+000 6.38212212e-002 0.00000000e+000
  0.00000000e+000 8.43928037e-001 9.22507415e-002 0.00000000e+000
  5.28053550e-004]
 [0.00000000e+000 1.22634780e-001 0.00000000e+000 0.00000000e+000
  0.00000000e+000 0.00000000e+000 4.35146409e-002 0.00000000e+000
  7.29931358e-001 1.03919221e-001 0.00000000e+000 0.00000000e+000
  3.51423399e-004]
 [0.00000000e+000 0.00000000e+000 0.00000000e+000 0.00000000e+000
  0.00000000e+000 0.00000000e+000 0.00000000e+000 6.17427437e-001
  0.00000000e+000 3.82572563e-001 0.00000000e+000 0.00000000e+000
  3.09735113e-004]
 [0.00000000e+000 0.00000000e+000 0.00000000e+000 0.00000000e+000
  0.00000000e+000 0.00000000e+000 5.59917892e-001 0.00000000e+000
  0.00000000e+000 0.00000000e+000 1.16036927e-134 4.40082108e-001
  5.43075917e-004]
 [0.00000000e+000 0.00000000e+000 0.00000000e+000 0.00000000e+000
  0.00000000e+000 0.00000000e+000 0.00000000e+000 3.63684159e-001
  5.84221674e-110 0.00000000e+000 6.36315841e-001 0.00000000e+000
  4.63239987e-004]
 [1.67986659e-001 0.00000000e+000 0.00000000e+000 0.00000000e+000
  8.87128359e-002 0.00000000e+000 0.00000000e+000 0.00000000e+000
  0.00000000e+000 0.00000000e+000 3.24821163e-115 7.43300505e-001
  4.21058015e-004]
 [0.00000000e+000 0.00000000e+000 0.00000000e+000 5.82932663e-001
  0.00000000e+000 0.00000000e+000 0.00000000e+000 0.00000000e+000
  9.72117183e-146 0.00000000e+000 4.17067337e-001 0.00000000e+000
  4.14298393e-004]
 [0.00000000e+000 0.00000000e+000 0.00000000e+000 0.00000000e+000
  0.00000000e+000 0.00000000e+000 0.00000000e+000 0.00000000e+000
  0.00000000e+000 4.71007682e-001 6.71751374e-127 5.28992318e-001
  6.23907963e-004]
 [0.00000000e+000 0.00000000e+000 0.00000000e+000 0.00000000e+000
  0.00000000e+000 4.10933022e-001 0.00000000e+000 0.00000000e+000
  0.00000000e+000 5.89066978e-001 0.00000000e+000 0.00000000e+000
  4.24787541e-004]
 [0.00000000e+000 0.00000000e+000 0.00000000e+000 0.00000000e+000
  0.00000000e+000 0.00000000e+000 2.53025667e-001 0.00000000e+000
  0.00000000e+000 0.00000000e+000 4.44996456e-127 7.46974333e-001
  6.03083053e-004]
 [0.00000000e+000 0.00000000e+000 0.00000000e+000 0.00000000e+000
  0.00000000e+000 6.57613093e-002 0.00000000e+000 0.00000000e+000
  4.78826068e-002 0.00000000e+000 8.86356084e-001 0.00000000e+000
  5.21151685e-004]
 [0.00000000e+000 3.22218056e-002 0.00000000e+000 0.00000000e+000
  0.00000000e+000 1.04136906e-001 0.00000000e+000 0.00000000e+000
  0.00000000e+000 0.00000000e+000 0.00000000e+000 8.63641289e-001
  5.21594271e-004]
 [0.00000000e+000 0.00000000e+000 2.12597760e-001 1.84406470e-001
  0.00000000e+000 0.00000000e+000 0.00000000e+000 0.00000000e+000
  0.00000000e+000 6.02995771e-001 0.00000000e+000 0.00000000e+000
  0.00000000e+000]
 [0.00000000e+000 0.00000000e+000 0.00000000e+000 0.00000000e+000
  6.26406951e-001 0.00000000e+000 0.00000000e+000 0.00000000e+000
  0.00000000e+000 0.00000000e+000 3.73593049e-001 0.00000000e+000
  4.19527805e-004]
 [0.00000000e+000 0.00000000e+000 8.01843771e-002 0.00000000e+000
  0.00000000e+000 0.00000000e+000 8.04705460e-001 0.00000000e+000
  0.00000000e+000 0.00000000e+000 1.15110163e-001 0.00000000e+000
  3.40141960e-004]
 [0.00000000e+000 0.00000000e+000 0.00000000e+000 0.00000000e+000
  0.00000000e+000 0.00000000e+000 0.00000000e+000 4.42648991e-001
  0.00000000e+000 0.00000000e+000 1.12906197e-127 5.57351009e-001
  5.36744758e-004]
 [0.00000000e+000 0.00000000e+000 0.00000000e+000 0.00000000e+000
  0.00000000e+000 0.00000000e+000 0.00000000e+000 0.00000000e+000
  5.72023291e-001 0.00000000e+000 4.01491411e-128 4.27976709e-001
  5.35303388e-004]]
→ Best principal utility: 0.0005486931959396631
→ Inferred agent&principal utility:    0.0 0.0004126474770936832
→ Agent and principal score:    0 0.00020674168782769934
[*] Instance 2: 0.00020674168782769934
[*] Average:
0.00020674168782769932
