[*] Running ...
[*] Dataset loaded: E:\Coding\pythonProject\llm4contract\problems\online_contract_edgeAI\dataset\train_01.pkl with 3 instances.
→ Best principal utility: 0.0006193891649213826
D:\Software\anaconda3\envs\llm4contract\lib\site-packages\sklearn\cluster\_kmeans.py:1419: UserWarning: KMeans is known to have a memory leak on Windows with MKL, when there are less chunks than available threads. You can avoid it by setting the environment variable OMP_NUM_THREADS=1.
  warnings.warn(
The running time is：0.6895 seconds
The inferred contract is [[1.26080283e-002 0.00000000e+000 0.00000000e+000 0.00000000e+000
  0.00000000e+000 6.40581425e-002 0.00000000e+000 0.00000000e+000
  1.71273594e-001 0.00000000e+000 7.52060235e-001 2.01472116e-049
  1.37799900e-004]
 [8.14233018e-002 0.00000000e+000 2.53251783e-003 0.00000000e+000
  1.86896735e-001 0.00000000e+000 0.00000000e+000 4.78938473e-121
  0.00000000e+000 0.00000000e+000 0.00000000e+000 7.29147445e-001
  2.40696099e-004]
 [0.00000000e+000 0.00000000e+000 0.00000000e+000 0.00000000e+000
  3.77482292e-001 0.00000000e+000 0.00000000e+000 0.00000000e+000
  0.00000000e+000 6.22517708e-001 0.00000000e+000 0.00000000e+000
  2.87212340e-004]
 [1.19570710e-002 0.00000000e+000 4.31405003e-049 0.00000000e+000
  0.00000000e+000 0.00000000e+000 0.00000000e+000 3.14462998e-128
  5.23106822e-001 0.00000000e+000 0.00000000e+000 4.64936107e-001
  4.30805681e-004]
 [0.00000000e+000 0.00000000e+000 6.29876436e-051 0.00000000e+000
  0.00000000e+000 0.00000000e+000 5.69355217e-001 4.94902327e-130
  0.00000000e+000 0.00000000e+000 2.50703195e-001 1.79941588e-001
  2.91458980e-004]
 [0.00000000e+000 0.00000000e+000 6.79625537e-050 0.00000000e+000
  0.00000000e+000 0.00000000e+000 0.00000000e+000 4.47535198e-001
  0.00000000e+000 0.00000000e+000 1.69647347e-001 3.82817455e-001
  3.15466106e-004]
 [0.00000000e+000 0.00000000e+000 0.00000000e+000 0.00000000e+000
  0.00000000e+000 5.95741956e-001 0.00000000e+000 0.00000000e+000
  0.00000000e+000 0.00000000e+000 0.00000000e+000 4.04258044e-001
  4.10391928e-004]
 [0.00000000e+000 0.00000000e+000 4.19953241e-053 0.00000000e+000
  0.00000000e+000 0.00000000e+000 0.00000000e+000 4.29100019e-142
  0.00000000e+000 5.95157713e-001 0.00000000e+000 4.04842287e-001
  4.63392210e-004]
 [0.00000000e+000 0.00000000e+000 0.00000000e+000 0.00000000e+000
  0.00000000e+000 9.00432525e-002 0.00000000e+000 1.34289625e-001
  1.01490953e-001 6.74176170e-001 0.00000000e+000 0.00000000e+000
  2.66169298e-004]
 [0.00000000e+000 0.00000000e+000 1.14643378e-052 0.00000000e+000
  0.00000000e+000 0.00000000e+000 0.00000000e+000 1.15961045e-141
  0.00000000e+000 0.00000000e+000 4.65158812e-001 5.34841188e-001
  4.84966381e-004]]
→ Best principal utility: 0.000516032361551875
→ Inferred agent&principal utility:    2.701367554199394e-05 0.0005923754893794887
→ Agent and principal score:    0 2.7013675541893902e-05
[*] Instance 0: 2.7013675541893902e-05
[*] Dataset loaded: E:\Coding\pythonProject\llm4contract\problems\online_contract_edgeAI\dataset\train_02.pkl with 3 instances.
→ Best principal utility: 0.0006193891649213826
D:\Software\anaconda3\envs\llm4contract\lib\site-packages\sklearn\cluster\_kmeans.py:1419: UserWarning: KMeans is known to have a memory leak on Windows with MKL, when there are less chunks than available threads. You can avoid it by setting the environment variable OMP_NUM_THREADS=1.
  warnings.warn(
The running time is：0.1193 seconds
The inferred contract is [[2.40182941e-003 2.69962439e-002 0.00000000e+000 0.00000000e+000
  0.00000000e+000 0.00000000e+000 9.20189248e-003 0.00000000e+000
  6.02909278e-001 6.15055598e-072 0.00000000e+000 3.58490756e-001
  2.38629714e-004]
 [1.24048513e-098 0.00000000e+000 0.00000000e+000 0.00000000e+000
  0.00000000e+000 1.09109977e-001 6.00147163e-253 1.92597060e-005
  0.00000000e+000 3.50816758e-001 0.00000000e+000 5.40054006e-001
  3.74298653e-004]
 [7.72237007e-002 4.69135835e-002 0.00000000e+000 0.00000000e+000
  0.00000000e+000 3.75632672e-002 1.32111325e-002 0.00000000e+000
  0.00000000e+000 0.00000000e+000 8.25088316e-001 0.00000000e+000
  2.44166827e-004]
 [1.83687859e-002 0.00000000e+000 8.00760463e-002 0.00000000e+000
  0.00000000e+000 0.00000000e+000 0.00000000e+000 1.23537192e-002
  0.00000000e+000 5.48162197e-001 3.41039252e-001 0.00000000e+000
  3.10708263e-004]
 [0.00000000e+000 0.00000000e+000 0.00000000e+000 0.00000000e+000
  0.00000000e+000 0.00000000e+000 1.25804127e-283 0.00000000e+000
  0.00000000e+000 9.71796052e-084 5.57006791e-001 4.42993209e-001
  5.82367369e-004]
 [0.00000000e+000 0.00000000e+000 0.00000000e+000 0.00000000e+000
  0.00000000e+000 0.00000000e+000 1.18219742e-288 5.53907133e-001
  0.00000000e+000 1.02109331e-111 7.17651476e-002 3.74327719e-001
  3.39919035e-004]
 [0.00000000e+000 0.00000000e+000 0.00000000e+000 0.00000000e+000
  0.00000000e+000 0.00000000e+000 4.64249563e-001 0.00000000e+000
  0.00000000e+000 6.20941468e-138 0.00000000e+000 5.35750437e-001
  2.88008915e-004]
 [0.00000000e+000 0.00000000e+000 4.47668043e-002 0.00000000e+000
  0.00000000e+000 0.00000000e+000 5.97490139e-279 9.00716148e-002
  3.62786141e-002 1.28249863e-119 0.00000000e+000 8.28882967e-001
  4.80349421e-004]
 [0.00000000e+000 0.00000000e+000 0.00000000e+000 0.00000000e+000
  5.45944961e-001 0.00000000e+000 2.94216000e-287 0.00000000e+000
  0.00000000e+000 1.78494198e-087 0.00000000e+000 4.54055039e-001
  2.74578767e-004]
 [0.00000000e+000 4.53900967e-002 0.00000000e+000 0.00000000e+000
  0.00000000e+000 1.01140132e-001 1.27586596e-001 0.00000000e+000
  1.10702465e-001 0.00000000e+000 6.15180710e-001 6.40521354e-146
  4.47748608e-004]]
→ Best principal utility: 0.0004016301737370666
→ Inferred agent&principal utility:    4.845706581814635e-05 0.00036419041127553687
→ Agent and principal score:    0 0.0002551987536458457
[*] Instance 1: 0.0002551987536458457
[*] Dataset loaded: E:\Coding\pythonProject\llm4contract\problems\online_contract_edgeAI\dataset\train_03.pkl with 3 instances.
→ Best principal utility: 0.0006193891649213826
D:\Software\anaconda3\envs\llm4contract\lib\site-packages\sklearn\cluster\_kmeans.py:1419: UserWarning: KMeans is known to have a memory leak on Windows with MKL, when there are less chunks than available threads. You can avoid it by setting the environment variable OMP_NUM_THREADS=1.
  warnings.warn(
The running time is：0.1213 seconds
The inferred contract is [[0.00000000e+000 0.00000000e+000 0.00000000e+000 0.00000000e+000
  1.56601738e-001 0.00000000e+000 0.00000000e+000 2.72763119e-001
  1.00017315e-099 0.00000000e+000 5.70635143e-001 0.00000000e+000
  2.33309308e-004]
 [1.67986659e-001 0.00000000e+000 0.00000000e+000 0.00000000e+000
  8.87128359e-002 0.00000000e+000 0.00000000e+000 0.00000000e+000
  0.00000000e+000 2.56365723e-319 5.77669913e-112 7.43300505e-001
  3.03939030e-004]
 [0.00000000e+000 0.00000000e+000 0.00000000e+000 0.00000000e+000
  0.00000000e+000 4.10933022e-001 0.00000000e+000 0.00000000e+000
  0.00000000e+000 5.89066978e-001 0.00000000e+000 0.00000000e+000
  2.46427117e-004]
 [0.00000000e+000 1.20096703e-002 0.00000000e+000 0.00000000e+000
  0.00000000e+000 0.00000000e+000 3.62623785e-003 0.00000000e+000
  1.87943978e-001 3.22665114e-001 8.16259093e-105 4.73755000e-001
  0.00000000e+000]
 [0.00000000e+000 0.00000000e+000 0.00000000e+000 0.00000000e+000
  0.00000000e+000 0.00000000e+000 0.00000000e+000 4.42648991e-001
  0.00000000e+000 0.00000000e+000 2.00795147e-124 5.57351009e-001
  4.59790178e-004]
 [0.00000000e+000 0.00000000e+000 0.00000000e+000 0.00000000e+000
  0.00000000e+000 1.78733122e-002 0.00000000e+000 0.00000000e+000
  6.33069498e-003 4.77312642e-301 5.81494725e-001 3.94301268e-001
  5.14659040e-004]
 [0.00000000e+000 0.00000000e+000 1.41802443e-002 0.00000000e+000
  0.00000000e+000 0.00000000e+000 4.21358045e-001 0.00000000e+000
  4.57995903e-176 2.60749989e-301 2.10921078e-002 5.43369603e-001
  2.37173214e-004]
 [0.00000000e+000 0.00000000e+000 1.34256875e-001 5.26874178e-002
  0.00000000e+000 0.00000000e+000 1.82345351e-002 0.00000000e+000
  6.03258220e-117 4.95155970e-001 8.74641439e-002 2.12201058e-001
  5.88122069e-004]
 [0.00000000e+000 0.00000000e+000 0.00000000e+000 5.82932663e-001
  0.00000000e+000 0.00000000e+000 0.00000000e+000 0.00000000e+000
  1.37381756e-144 0.00000000e+000 4.17067337e-001 0.00000000e+000
  2.85994405e-004]
 [0.00000000e+000 0.00000000e+000 0.00000000e+000 0.00000000e+000
  0.00000000e+000 0.00000000e+000 0.00000000e+000 6.17427437e-001
  0.00000000e+000 3.82572563e-001 0.00000000e+000 0.00000000e+000
  2.35361585e-004]]
→ Best principal utility: 0.0006703762879294332
→ Inferred agent&principal utility:    0.0 0.0004126474770936832
→ Agent and principal score:    0 0.00020674168782769934
[*] Instance 2: 0.00020674168782769934
[*] Average:
0.000162984705671813
