[*] Running ...
[*] Dataset loaded: E:\Coding\pythonProject\llm4contract\problems\online_contract_edgeAI\dataset\train_01.pkl with 3 instances.
→ Best principal utility: 0.0006193891649213826
The running time is：1.0668 seconds
The inferred contract is [[1.26080283e-002 0.00000000e+000 0.00000000e+000 0.00000000e+000
  0.00000000e+000 6.40581425e-002 0.00000000e+000 0.00000000e+000
  1.71273594e-001 0.00000000e+000 7.52060235e-001 2.01472116e-049
  1.38347451e-004]
 [8.14233018e-002 0.00000000e+000 2.53251783e-003 0.00000000e+000
  1.86896735e-001 0.00000000e+000 0.00000000e+000 4.78938473e-121
  0.00000000e+000 0.00000000e+000 0.00000000e+000 7.29147445e-001
  2.39168030e-004]
 [0.00000000e+000 0.00000000e+000 0.00000000e+000 0.00000000e+000
  3.77482292e-001 0.00000000e+000 0.00000000e+000 0.00000000e+000
  0.00000000e+000 6.22517708e-001 0.00000000e+000 0.00000000e+000
  2.84739272e-004]
 [1.19570710e-002 0.00000000e+000 4.31405003e-049 0.00000000e+000
  0.00000000e+000 0.00000000e+000 0.00000000e+000 3.14462998e-128
  5.23106822e-001 0.00000000e+000 0.00000000e+000 4.64936107e-001
  4.25389247e-004]
 [0.00000000e+000 0.00000000e+000 6.29876436e-051 0.00000000e+000
  0.00000000e+000 0.00000000e+000 5.69355217e-001 4.94902327e-130
  0.00000000e+000 0.00000000e+000 2.50703195e-001 1.79941588e-001
  2.88899432e-004]
 [0.00000000e+000 0.00000000e+000 6.79625537e-050 0.00000000e+000
  0.00000000e+000 0.00000000e+000 0.00000000e+000 4.47535198e-001
  0.00000000e+000 0.00000000e+000 1.69647347e-001 3.82817455e-001
  3.12417023e-004]
 [0.00000000e+000 0.00000000e+000 0.00000000e+000 0.00000000e+000
  0.00000000e+000 5.95741956e-001 0.00000000e+000 0.00000000e+000
  0.00000000e+000 0.00000000e+000 0.00000000e+000 4.04258044e-001
  4.05396347e-004]
 [0.00000000e+000 0.00000000e+000 4.19953241e-053 0.00000000e+000
  0.00000000e+000 0.00000000e+000 0.00000000e+000 4.29100019e-142
  0.00000000e+000 5.95157713e-001 0.00000000e+000 4.04842287e-001
  4.57302311e-004]
 [0.00000000e+000 0.00000000e+000 0.00000000e+000 0.00000000e+000
  0.00000000e+000 9.00432525e-002 0.00000000e+000 1.34289625e-001
  1.01490953e-001 6.74176170e-001 0.00000000e+000 0.00000000e+000
  2.64124243e-004]
 [0.00000000e+000 0.00000000e+000 1.14643378e-052 0.00000000e+000
  0.00000000e+000 0.00000000e+000 0.00000000e+000 1.15961045e-141
  0.00000000e+000 0.00000000e+000 4.65158812e-001 5.34841188e-001
  4.78429487e-004]]
→ Best principal utility: 0.0005154848102352806
→ Inferred agent&principal utility:    2.7152008544255527e-05 0.000592237156377227
→ Agent and principal score:    0 2.7152008544155523e-05
[*] Instance 0: 2.7152008544155523e-05
[*] Dataset loaded: E:\Coding\pythonProject\llm4contract\problems\online_contract_edgeAI\dataset\train_02.pkl with 3 instances.
→ Best principal utility: 0.0006193891649213826
The running time is：0.3148 seconds
The inferred contract is [[0.00000000e+000 0.00000000e+000 6.24576861e-002 0.00000000e+000
  0.00000000e+000 0.00000000e+000 3.71399650e-001 0.00000000e+000
  0.00000000e+000 1.92727114e-145 0.00000000e+000 5.66142664e-001
  2.99466682e-004]
 [0.00000000e+000 0.00000000e+000 0.00000000e+000 0.00000000e+000
  0.00000000e+000 0.00000000e+000 5.58801977e-284 0.00000000e+000
  0.00000000e+000 7.35511401e-086 5.57021848e-001 4.42978152e-001
  5.42448041e-004]
 [4.01308930e-002 0.00000000e+000 5.35987434e-002 0.00000000e+000
  0.00000000e+000 0.00000000e+000 0.00000000e+000 2.62515952e-002
  0.00000000e+000 8.24561234e-001 5.54575348e-002 0.00000000e+000
  2.68418764e-004]
 [2.04464108e-003 2.29579582e-002 0.00000000e+000 0.00000000e+000
  0.00000000e+000 0.00000000e+000 7.82984431e-003 0.00000000e+000
  5.25836217e-001 1.01620319e-073 0.00000000e+000 4.41331340e-001
  2.75701340e-004]
 [0.00000000e+000 7.13213587e-002 0.00000000e+000 0.00000000e+000
  0.00000000e+000 0.00000000e+000 1.47615929e-001 0.00000000e+000
  1.23128487e-001 0.00000000e+000 6.57934225e-001 1.02612705e-136
  2.37716899e-004]
 [0.00000000e+000 0.00000000e+000 0.00000000e+000 0.00000000e+000
  0.00000000e+000 0.00000000e+000 7.73031315e-255 4.24696714e-001
  0.00000000e+000 3.04899561e-079 4.48539292e-002 5.30449357e-001
  4.73118854e-004]
 [0.00000000e+000 0.00000000e+000 0.00000000e+000 0.00000000e+000
  0.00000000e+000 4.38551884e-001 1.03617287e-283 0.00000000e+000
  0.00000000e+000 1.36952380e-085 0.00000000e+000 5.61448116e-001
  4.10464534e-004]
 [3.08853838e-002 0.00000000e+000 6.06638132e-002 0.00000000e+000
  0.00000000e+000 1.16161463e-001 0.00000000e+000 1.02566987e-020
  0.00000000e+000 9.46033693e-002 6.97685970e-001 0.00000000e+000
  2.58710619e-004]
 [0.00000000e+000 0.00000000e+000 0.00000000e+000 0.00000000e+000
  5.45944961e-001 0.00000000e+000 1.30711915e-287 0.00000000e+000
  0.00000000e+000 1.35122042e-089 0.00000000e+000 4.54055039e-001
  2.72656346e-004]
 [4.77614553e-100 0.00000000e+000 0.00000000e+000 0.00000000e+000
  0.00000000e+000 0.00000000e+000 1.41106503e-266 3.07630989e-004
  0.00000000e+000 5.04546570e-001 0.00000000e+000 4.95145799e-001
  5.49018460e-004]]
→ Best principal utility: 0.0003902700445285546
→ Inferred agent&principal utility:    6.084852004011833e-05 0.0005585406448813642
→ Agent and principal score:    0 6.084852004001838e-05
[*] Instance 1: 6.084852004001838e-05
[*] Dataset loaded: E:\Coding\pythonProject\llm4contract\problems\online_contract_edgeAI\dataset\train_03.pkl with 3 instances.
→ Best principal utility: 0.0006193891649213826
The running time is：0.3709 seconds
The inferred contract is [[0.00000000e+000 0.00000000e+000 0.00000000e+000 3.88621775e-001
  2.08802317e-001 0.00000000e+000 0.00000000e+000 0.00000000e+000
  1.98159975e-152 0.00000000e+000 4.02575908e-001 0.00000000e+000
  1.89661088e-004]
 [3.05562012e-002 0.00000000e+000 0.00000000e+000 0.00000000e+000
  0.00000000e+000 0.00000000e+000 0.00000000e+000 0.00000000e+000
  1.17345716e-097 0.00000000e+000 4.79456778e-001 4.89987021e-001
  3.82505173e-004]
 [0.00000000e+000 0.00000000e+000 6.07422171e-002 5.26875627e-002
  0.00000000e+000 1.17409435e-001 1.82346346e-002 0.00000000e+000
  5.11582165e-112 6.63461793e-001 8.74643577e-002 2.93052278e-266
  2.61685825e-004]
 [0.00000000e+000 1.22634780e-001 0.00000000e+000 0.00000000e+000
  0.00000000e+000 0.00000000e+000 4.35146409e-002 0.00000000e+000
  7.29931358e-001 1.03919221e-001 0.00000000e+000 0.00000000e+000
  2.62669905e-004]
 [0.00000000e+000 0.00000000e+000 1.45673841e-002 0.00000000e+000
  0.00000000e+000 0.00000000e+000 4.32861711e-001 0.00000000e+000
  1.43493037e-179 3.78370578e-307 2.09330843e-002 5.31637820e-001
  3.60223309e-004]
 [0.00000000e+000 0.00000000e+000 0.00000000e+000 0.00000000e+000
  0.00000000e+000 0.00000000e+000 0.00000000e+000 4.68581364e-001
  8.89373712e-114 3.19268717e-002 3.43070559e-002 4.65184708e-001
  2.54982176e-004]
 [0.00000000e+000 0.00000000e+000 0.00000000e+000 0.00000000e+000
  0.00000000e+000 0.00000000e+000 0.00000000e+000 0.00000000e+000
  5.72023291e-001 0.00000000e+000 3.56392432e-126 4.27976709e-001
  4.29520328e-004]
 [0.00000000e+000 0.00000000e+000 0.00000000e+000 0.00000000e+000
  0.00000000e+000 3.93156402e-002 0.00000000e+000 1.03640301e-001
  2.86267922e-002 0.00000000e+000 8.28417267e-001 0.00000000e+000
  3.92227948e-004]
 [0.00000000e+000 0.00000000e+000 0.00000000e+000 0.00000000e+000
  0.00000000e+000 0.00000000e+000 0.00000000e+000 0.00000000e+000
  0.00000000e+000 4.71007717e-001 5.96294329e-125 5.28992283e-001
  4.91246060e-004]
 [0.00000000e+000 1.28887222e-002 1.02921039e-001 0.00000000e+000
  7.09702687e-002 4.16547623e-002 0.00000000e+000 0.00000000e+000
  0.00000000e+000 0.00000000e+000 0.00000000e+000 7.71565208e-001
  4.37779436e-004]]
→ Best principal utility: 0.00039197126704475964
→ Inferred agent&principal utility:    3.1626207244680444e-06 0.0006162265441970145
→ Agent and principal score:    0 3.162620724368086e-06
[*] Instance 2: 3.162620724368086e-06
[*] Average:
3.0387716436180664e-05
