[*] Running ...
[*] Dataset loaded: E:\Coding\pythonProject\llm4contract\problems\online_contract_edgeAI\dataset\train_01.pkl with 3 instances.
→ Best principal utility: 0.0006193891649213826
D:\Software\anaconda3\envs\llm4contract\lib\site-packages\sklearn\cluster\_kmeans.py:1419: UserWarning: KMeans is known to have a memory leak on Windows with MKL, when there are less chunks than available threads. You can avoid it by setting the environment variable OMP_NUM_THREADS=1.
  warnings.warn(
D:\Software\anaconda3\envs\llm4contract\lib\site-packages\sklearn\cluster\_kmeans.py:1419: UserWarning: KMeans is known to have a memory leak on Windows with MKL, when there are less chunks than available threads. You can avoid it by setting the environment variable OMP_NUM_THREADS=1.
  warnings.warn(
D:\Software\anaconda3\envs\llm4contract\lib\site-packages\sklearn\cluster\_kmeans.py:1419: UserWarning: KMeans is known to have a memory leak on Windows with MKL, when there are less chunks than available threads. You can avoid it by setting the environment variable OMP_NUM_THREADS=1.
  warnings.warn(
D:\Software\anaconda3\envs\llm4contract\lib\site-packages\sklearn\cluster\_kmeans.py:1419: UserWarning: KMeans is known to have a memory leak on Windows with MKL, when there are less chunks than available threads. You can avoid it by setting the environment variable OMP_NUM_THREADS=1.
  warnings.warn(
D:\Software\anaconda3\envs\llm4contract\lib\site-packages\sklearn\cluster\_kmeans.py:1419: UserWarning: KMeans is known to have a memory leak on Windows with MKL, when there are less chunks than available threads. You can avoid it by setting the environment variable OMP_NUM_THREADS=1.
  warnings.warn(
D:\Software\anaconda3\envs\llm4contract\lib\site-packages\sklearn\cluster\_kmeans.py:1419: UserWarning: KMeans is known to have a memory leak on Windows with MKL, when there are less chunks than available threads. You can avoid it by setting the environment variable OMP_NUM_THREADS=1.
  warnings.warn(
D:\Software\anaconda3\envs\llm4contract\lib\site-packages\sklearn\cluster\_kmeans.py:1419: UserWarning: KMeans is known to have a memory leak on Windows with MKL, when there are less chunks than available threads. You can avoid it by setting the environment variable OMP_NUM_THREADS=1.
  warnings.warn(
D:\Software\anaconda3\envs\llm4contract\lib\site-packages\sklearn\cluster\_kmeans.py:1419: UserWarning: KMeans is known to have a memory leak on Windows with MKL, when there are less chunks than available threads. You can avoid it by setting the environment variable OMP_NUM_THREADS=1.
  warnings.warn(
D:\Software\anaconda3\envs\llm4contract\lib\site-packages\sklearn\cluster\_kmeans.py:1419: UserWarning: KMeans is known to have a memory leak on Windows with MKL, when there are less chunks than available threads. You can avoid it by setting the environment variable OMP_NUM_THREADS=1.
  warnings.warn(
D:\Software\anaconda3\envs\llm4contract\lib\site-packages\sklearn\cluster\_kmeans.py:1419: UserWarning: KMeans is known to have a memory leak on Windows with MKL, when there are less chunks than available threads. You can avoid it by setting the environment variable OMP_NUM_THREADS=1.
  warnings.warn(
The running time is：0.8638 seconds
The inferred contract is [[0.00000000e+000 0.00000000e+000 5.15960085e-219 0.00000000e+000
  0.00000000e+000 0.00000000e+000 0.00000000e+000 2.19743127e-303
  0.00000000e+000 0.00000000e+000 3.17359004e-001 6.82640996e-001
  0.00000000e+000]
 [0.00000000e+000 0.00000000e+000 0.00000000e+000 0.00000000e+000
  0.00000000e+000 2.70129757e-001 0.00000000e+000 0.00000000e+000
  0.00000000e+000 7.29870243e-001 0.00000000e+000 0.00000000e+000
  5.26016076e-004]
 [0.00000000e+000 0.00000000e+000 0.00000000e+000 0.00000000e+000
  0.00000000e+000 0.00000000e+000 0.00000000e+000 0.00000000e+000
  0.00000000e+000 0.00000000e+000 8.22410665e-001 1.77589335e-001
  0.00000000e+000]
 [0.00000000e+000 0.00000000e+000 1.88661788e-218 0.00000000e+000
  0.00000000e+000 0.00000000e+000 0.00000000e+000 5.19748039e-305
  6.43887888e-001 0.00000000e+000 0.00000000e+000 3.56112112e-001
  0.00000000e+000]
 [0.00000000e+000 0.00000000e+000 1.05589069e-258 0.00000000e+000
  0.00000000e+000 0.00000000e+000 9.54482347e-001 0.00000000e+000
  0.00000000e+000 0.00000000e+000 0.00000000e+000 4.55176526e-002
  4.58920852e-004]
 [0.00000000e+000 0.00000000e+000 7.45782896e-220 0.00000000e+000
  0.00000000e+000 0.00000000e+000 0.00000000e+000 6.13709040e-001
  0.00000000e+000 0.00000000e+000 0.00000000e+000 3.86290960e-001
  0.00000000e+000]
 [0.00000000e+000 0.00000000e+000 1.63846810e-083 0.00000000e+000
  0.00000000e+000 0.00000000e+000 0.00000000e+000 1.19786828e-171
  0.00000000e+000 4.57529968e-001 0.00000000e+000 5.42470032e-001
  0.00000000e+000]
 [0.00000000e+000 0.00000000e+000 2.51865721e-064 0.00000000e+000
  0.00000000e+000 0.00000000e+000 0.00000000e+000 9.61362121e-152
  0.00000000e+000 0.00000000e+000 6.69083661e-002 9.33091634e-001
  0.00000000e+000]
 [0.00000000e+000 0.00000000e+000 0.00000000e+000 0.00000000e+000
  0.00000000e+000 0.00000000e+000 5.00495270e-001 0.00000000e+000
  0.00000000e+000 0.00000000e+000 4.99504730e-001 1.82122285e-046
  0.00000000e+000]
 [0.00000000e+000 0.00000000e+000 0.00000000e+000 0.00000000e+000
  0.00000000e+000 5.95741956e-001 0.00000000e+000 0.00000000e+000
  0.00000000e+000 0.00000000e+000 0.00000000e+000 4.04258044e-001
  4.75814822e-004]
 [0.00000000e+000 0.00000000e+000 0.00000000e+000 0.00000000e+000
  0.00000000e+000 0.00000000e+000 0.00000000e+000 5.51589372e-001
  0.00000000e+000 0.00000000e+000 4.48410628e-001 0.00000000e+000
  6.04878376e-004]
 [0.00000000e+000 0.00000000e+000 0.00000000e+000 0.00000000e+000
  0.00000000e+000 0.00000000e+000 0.00000000e+000 0.00000000e+000
  0.00000000e+000 8.53584814e-001 0.00000000e+000 1.46415186e-001
  0.00000000e+000]
 [0.00000000e+000 0.00000000e+000 8.50874760e-269 0.00000000e+000
  0.00000000e+000 0.00000000e+000 5.29016029e-001 0.00000000e+000
  0.00000000e+000 0.00000000e+000 0.00000000e+000 4.70983971e-001
  0.00000000e+000]
 [0.00000000e+000 0.00000000e+000 1.25087005e-103 0.00000000e+000
  0.00000000e+000 0.00000000e+000 0.00000000e+000 2.65334244e-001
  0.00000000e+000 0.00000000e+000 0.00000000e+000 7.34665756e-001
  0.00000000e+000]
 [0.00000000e+000 0.00000000e+000 1.82528643e-113 0.00000000e+000
  0.00000000e+000 0.00000000e+000 0.00000000e+000 7.59296892e-201
  3.81020274e-001 0.00000000e+000 0.00000000e+000 6.18979726e-001
  0.00000000e+000]
 [0.00000000e+000 0.00000000e+000 0.00000000e+000 0.00000000e+000
  2.85924396e-001 0.00000000e+000 0.00000000e+000 0.00000000e+000
  0.00000000e+000 0.00000000e+000 0.00000000e+000 7.14075604e-001
  0.00000000e+000]
 [0.00000000e+000 0.00000000e+000 0.00000000e+000 0.00000000e+000
  0.00000000e+000 0.00000000e+000 0.00000000e+000 0.00000000e+000
  3.42547189e-001 0.00000000e+000 6.57452811e-001 2.60698216e-029
  5.52626822e-004]
 [4.07116509e-001 0.00000000e+000 0.00000000e+000 0.00000000e+000
  0.00000000e+000 0.00000000e+000 0.00000000e+000 0.00000000e+000
  0.00000000e+000 0.00000000e+000 0.00000000e+000 5.92883491e-001
  3.93702462e-004]
 [0.00000000e+000 0.00000000e+000 0.00000000e+000 0.00000000e+000
  0.00000000e+000 0.00000000e+000 0.00000000e+000 4.02868874e-001
  0.00000000e+000 5.97131126e-001 0.00000000e+000 0.00000000e+000
  5.16540161e-004]
 [0.00000000e+000 0.00000000e+000 0.00000000e+000 0.00000000e+000
  3.77482292e-001 0.00000000e+000 0.00000000e+000 0.00000000e+000
  0.00000000e+000 6.22517708e-001 0.00000000e+000 0.00000000e+000
  5.12330308e-004]
 [1.79356065e-001 0.00000000e+000 0.00000000e+000 0.00000000e+000
  0.00000000e+000 0.00000000e+000 0.00000000e+000 0.00000000e+000
  8.20643935e-001 0.00000000e+000 0.00000000e+000 0.00000000e+000
  3.62869243e-004]
 [0.00000000e+000 0.00000000e+000 0.00000000e+000 0.00000000e+000
  0.00000000e+000 0.00000000e+000 0.00000000e+000 8.70462819e-001
  0.00000000e+000 0.00000000e+000 0.00000000e+000 1.29537181e-001
  4.88642362e-004]
 [0.00000000e+000 0.00000000e+000 0.00000000e+000 0.00000000e+000
  0.00000000e+000 0.00000000e+000 0.00000000e+000 0.00000000e+000
  3.04472859e-001 6.95527141e-001 0.00000000e+000 0.00000000e+000
  6.61789828e-004]
 [0.00000000e+000 0.00000000e+000 0.00000000e+000 0.00000000e+000
  0.00000000e+000 2.56232570e-001 0.00000000e+000 0.00000000e+000
  0.00000000e+000 0.00000000e+000 7.43767430e-001 0.00000000e+000
  5.75488827e-004]
 [0.00000000e+000 0.00000000e+000 0.00000000e+000 0.00000000e+000
  0.00000000e+000 0.00000000e+000 7.51193186e-001 0.00000000e+000
  0.00000000e+000 0.00000000e+000 0.00000000e+000 2.48806814e-001
  0.00000000e+000]
 [0.00000000e+000 0.00000000e+000 0.00000000e+000 0.00000000e+000
  0.00000000e+000 0.00000000e+000 0.00000000e+000 0.00000000e+000
  0.00000000e+000 0.00000000e+000 8.97387851e-001 1.02612149e-001
  0.00000000e+000]
 [0.00000000e+000 0.00000000e+000 0.00000000e+000 0.00000000e+000
  0.00000000e+000 0.00000000e+000 0.00000000e+000 0.00000000e+000
  0.00000000e+000 0.00000000e+000 5.41715728e-001 4.58284272e-001
  0.00000000e+000]
 [0.00000000e+000 0.00000000e+000 0.00000000e+000 0.00000000e+000
  4.67039608e-001 0.00000000e+000 0.00000000e+000 0.00000000e+000
  0.00000000e+000 0.00000000e+000 0.00000000e+000 5.32960392e-001
  5.42349205e-004]
 [0.00000000e+000 0.00000000e+000 2.78011138e-090 0.00000000e+000
  0.00000000e+000 0.00000000e+000 0.00000000e+000 1.79357200e-178
  0.00000000e+000 6.33256293e-001 0.00000000e+000 3.66743707e-001
  0.00000000e+000]
 [0.00000000e+000 0.00000000e+000 0.00000000e+000 0.00000000e+000
  0.00000000e+000 0.00000000e+000 0.00000000e+000 0.00000000e+000
  7.22887324e-001 0.00000000e+000 0.00000000e+000 2.77112676e-001
  0.00000000e+000]
 [0.00000000e+000 0.00000000e+000 6.56276455e-065 0.00000000e+000
  0.00000000e+000 0.00000000e+000 0.00000000e+000 3.58808779e-153
  0.00000000e+000 0.00000000e+000 2.08977656e-001 7.91022344e-001
  0.00000000e+000]
 [0.00000000e+000 0.00000000e+000 3.76628956e-057 0.00000000e+000
  0.00000000e+000 0.00000000e+000 0.00000000e+000 1.10157769e-145
  0.00000000e+000 1.23594255e-001 0.00000000e+000 8.76405745e-001
  0.00000000e+000]
 [0.00000000e+000 0.00000000e+000 0.00000000e+000 0.00000000e+000
  0.00000000e+000 0.00000000e+000 6.06312290e-001 0.00000000e+000
  0.00000000e+000 0.00000000e+000 3.93687710e-001 0.00000000e+000
  0.00000000e+000]
 [0.00000000e+000 0.00000000e+000 8.83411697e-199 0.00000000e+000
  0.00000000e+000 0.00000000e+000 0.00000000e+000 3.82891271e-001
  0.00000000e+000 0.00000000e+000 0.00000000e+000 6.17108729e-001
  0.00000000e+000]
 [0.00000000e+000 0.00000000e+000 1.08932286e-184 0.00000000e+000
  0.00000000e+000 0.00000000e+000 0.00000000e+000 7.09022247e-272
  0.00000000e+000 0.00000000e+000 7.29939751e-001 2.70060249e-001
  0.00000000e+000]
 [0.00000000e+000 0.00000000e+000 0.00000000e+000 0.00000000e+000
  0.00000000e+000 0.00000000e+000 0.00000000e+000 0.00000000e+000
  2.74016503e-001 0.00000000e+000 0.00000000e+000 7.25983497e-001
  0.00000000e+000]
 [0.00000000e+000 0.00000000e+000 0.00000000e+000 0.00000000e+000
  0.00000000e+000 0.00000000e+000 0.00000000e+000 0.00000000e+000
  0.00000000e+000 7.64314548e-001 0.00000000e+000 2.35685452e-001
  0.00000000e+000]
 [0.00000000e+000 0.00000000e+000 0.00000000e+000 0.00000000e+000
  0.00000000e+000 0.00000000e+000 0.00000000e+000 4.08321332e-001
  0.00000000e+000 0.00000000e+000 5.91678668e-001 0.00000000e+000
  0.00000000e+000]
 [0.00000000e+000 0.00000000e+000 0.00000000e+000 0.00000000e+000
  0.00000000e+000 0.00000000e+000 0.00000000e+000 0.00000000e+000
  0.00000000e+000 9.61795877e-001 0.00000000e+000 3.82041235e-002
  5.41628610e-004]
 [0.00000000e+000 0.00000000e+000 0.00000000e+000 0.00000000e+000
  0.00000000e+000 0.00000000e+000 0.00000000e+000 0.00000000e+000
  5.06556851e-001 0.00000000e+000 0.00000000e+000 4.93443149e-001
  0.00000000e+000]
 [2.52160567e-002 0.00000000e+000 0.00000000e+000 0.00000000e+000
  0.00000000e+000 0.00000000e+000 0.00000000e+000 0.00000000e+000
  0.00000000e+000 0.00000000e+000 9.72898058e-001 1.88588522e-003
  4.96533945e-004]
 [0.00000000e+000 0.00000000e+000 3.74281942e-058 0.00000000e+000
  0.00000000e+000 0.00000000e+000 0.00000000e+000 1.52844143e-146
  9.51726370e-002 0.00000000e+000 0.00000000e+000 9.04827363e-001
  0.00000000e+000]
 [0.00000000e+000 0.00000000e+000 0.00000000e+000 0.00000000e+000
  0.00000000e+000 0.00000000e+000 0.00000000e+000 1.14440643e-001
  0.00000000e+000 0.00000000e+000 8.85559357e-001 0.00000000e+000
  6.60804874e-004]
 [0.00000000e+000 0.00000000e+000 0.00000000e+000 0.00000000e+000
  0.00000000e+000 0.00000000e+000 7.19135294e-001 0.00000000e+000
  0.00000000e+000 0.00000000e+000 2.80864706e-001 0.00000000e+000
  4.97584991e-004]
 [0.00000000e+000 0.00000000e+000 0.00000000e+000 0.00000000e+000
  0.00000000e+000 0.00000000e+000 1.23236426e-001 0.00000000e+000
  0.00000000e+000 0.00000000e+000 0.00000000e+000 8.76763574e-001
  0.00000000e+000]
 [0.00000000e+000 0.00000000e+000 0.00000000e+000 0.00000000e+000
  0.00000000e+000 0.00000000e+000 1.65594376e-001 0.00000000e+000
  0.00000000e+000 0.00000000e+000 8.34405624e-001 0.00000000e+000
  0.00000000e+000]
 [0.00000000e+000 0.00000000e+000 1.01617842e-105 0.00000000e+000
  0.00000000e+000 0.00000000e+000 0.00000000e+000 2.83494904e-193
  0.00000000e+000 0.00000000e+000 3.82101595e-001 6.17898405e-001
  0.00000000e+000]
 [0.00000000e+000 0.00000000e+000 0.00000000e+000 0.00000000e+000
  1.81519670e-001 0.00000000e+000 0.00000000e+000 0.00000000e+000
  0.00000000e+000 0.00000000e+000 0.00000000e+000 8.18480330e-001
  7.06014644e-004]
 [0.00000000e+000 0.00000000e+000 6.33129457e-003 0.00000000e+000
  0.00000000e+000 0.00000000e+000 0.00000000e+000 1.04059281e-002
  0.00000000e+000 0.00000000e+000 0.00000000e+000 9.83262777e-001
  5.06426749e-004]
 [0.00000000e+000 0.00000000e+000 0.00000000e+000 0.00000000e+000
  0.00000000e+000 0.00000000e+000 0.00000000e+000 0.00000000e+000
  8.13002884e-001 0.00000000e+000 0.00000000e+000 1.86997116e-001
  5.45234432e-004]]
→ Best principal utility: 0.0007183550256689654
→ Inferred agent&principal utility:    0.0 0.0004126474770936832
→ Agent and principal score:    0 0.00020674168782769934
[*] Instance 0: 0.00020674168782769934
[*] Dataset loaded: E:\Coding\pythonProject\llm4contract\problems\online_contract_edgeAI\dataset\train_02.pkl with 3 instances.
→ Best principal utility: 0.0006193891649213826
D:\Software\anaconda3\envs\llm4contract\lib\site-packages\sklearn\cluster\_kmeans.py:1419: UserWarning: KMeans is known to have a memory leak on Windows with MKL, when there are less chunks than available threads. You can avoid it by setting the environment variable OMP_NUM_THREADS=1.
  warnings.warn(
D:\Software\anaconda3\envs\llm4contract\lib\site-packages\sklearn\cluster\_kmeans.py:1419: UserWarning: KMeans is known to have a memory leak on Windows with MKL, when there are less chunks than available threads. You can avoid it by setting the environment variable OMP_NUM_THREADS=1.
  warnings.warn(
D:\Software\anaconda3\envs\llm4contract\lib\site-packages\sklearn\cluster\_kmeans.py:1419: UserWarning: KMeans is known to have a memory leak on Windows with MKL, when there are less chunks than available threads. You can avoid it by setting the environment variable OMP_NUM_THREADS=1.
  warnings.warn(
D:\Software\anaconda3\envs\llm4contract\lib\site-packages\sklearn\cluster\_kmeans.py:1419: UserWarning: KMeans is known to have a memory leak on Windows with MKL, when there are less chunks than available threads. You can avoid it by setting the environment variable OMP_NUM_THREADS=1.
  warnings.warn(
D:\Software\anaconda3\envs\llm4contract\lib\site-packages\sklearn\cluster\_kmeans.py:1419: UserWarning: KMeans is known to have a memory leak on Windows with MKL, when there are less chunks than available threads. You can avoid it by setting the environment variable OMP_NUM_THREADS=1.
  warnings.warn(
D:\Software\anaconda3\envs\llm4contract\lib\site-packages\sklearn\cluster\_kmeans.py:1419: UserWarning: KMeans is known to have a memory leak on Windows with MKL, when there are less chunks than available threads. You can avoid it by setting the environment variable OMP_NUM_THREADS=1.
  warnings.warn(
D:\Software\anaconda3\envs\llm4contract\lib\site-packages\sklearn\cluster\_kmeans.py:1419: UserWarning: KMeans is known to have a memory leak on Windows with MKL, when there are less chunks than available threads. You can avoid it by setting the environment variable OMP_NUM_THREADS=1.
  warnings.warn(
D:\Software\anaconda3\envs\llm4contract\lib\site-packages\sklearn\cluster\_kmeans.py:1419: UserWarning: KMeans is known to have a memory leak on Windows with MKL, when there are less chunks than available threads. You can avoid it by setting the environment variable OMP_NUM_THREADS=1.
  warnings.warn(
D:\Software\anaconda3\envs\llm4contract\lib\site-packages\sklearn\cluster\_kmeans.py:1419: UserWarning: KMeans is known to have a memory leak on Windows with MKL, when there are less chunks than available threads. You can avoid it by setting the environment variable OMP_NUM_THREADS=1.
  warnings.warn(
D:\Software\anaconda3\envs\llm4contract\lib\site-packages\sklearn\cluster\_kmeans.py:1419: UserWarning: KMeans is known to have a memory leak on Windows with MKL, when there are less chunks than available threads. You can avoid it by setting the environment variable OMP_NUM_THREADS=1.
  warnings.warn(
The running time is：0.4597 seconds
The inferred contract is [[0.00000000e+000 0.00000000e+000 0.00000000e+000 0.00000000e+000
  0.00000000e+000 0.00000000e+000 0.00000000e+000 0.00000000e+000
  0.00000000e+000 3.41559689e-001 0.00000000e+000 6.58440311e-001
  0.00000000e+000]
 [0.00000000e+000 0.00000000e+000 0.00000000e+000 0.00000000e+000
  0.00000000e+000 0.00000000e+000 1.32101227e-002 0.00000000e+000
  0.00000000e+000 1.53037241e-002 9.48656945e-001 2.28292083e-002
  5.91476149e-004]
 [8.17780025e-003 1.40047484e-003 0.00000000e+000 0.00000000e+000
  0.00000000e+000 0.00000000e+000 0.00000000e+000 0.00000000e+000
  9.52119993e-001 6.43550745e-316 0.00000000e+000 3.83017324e-002
  5.61644099e-004]
 [0.00000000e+000 0.00000000e+000 0.00000000e+000 0.00000000e+000
  0.00000000e+000 0.00000000e+000 0.00000000e+000 0.00000000e+000
  0.00000000e+000 8.71628487e-001 0.00000000e+000 1.28371513e-001
  0.00000000e+000]
 [0.00000000e+000 0.00000000e+000 0.00000000e+000 0.00000000e+000
  0.00000000e+000 1.21024827e-002 7.39372664e-003 0.00000000e+000
  0.00000000e+000 1.26654329e-002 0.00000000e+000 9.67838358e-001
  6.28032393e-004]
 [0.00000000e+000 0.00000000e+000 0.00000000e+000 0.00000000e+000
  0.00000000e+000 0.00000000e+000 4.64249563e-001 0.00000000e+000
  0.00000000e+000 1.01196979e-138 0.00000000e+000 5.35750437e-001
  4.39268352e-004]
 [0.00000000e+000 0.00000000e+000 0.00000000e+000 0.00000000e+000
  0.00000000e+000 0.00000000e+000 2.27647931e-313 5.32090351e-001
  0.00000000e+000 1.24198606e-111 0.00000000e+000 4.67909649e-001
  5.46212378e-004]
 [0.00000000e+000 0.00000000e+000 0.00000000e+000 0.00000000e+000
  0.00000000e+000 0.00000000e+000 0.00000000e+000 0.00000000e+000
  0.00000000e+000 1.87464251e-155 5.79816386e-001 4.20183614e-001
  0.00000000e+000]
 [0.00000000e+000 0.00000000e+000 0.00000000e+000 0.00000000e+000
  0.00000000e+000 5.97766866e-001 0.00000000e+000 0.00000000e+000
  0.00000000e+000 0.00000000e+000 0.00000000e+000 4.02233134e-001
  0.00000000e+000]
 [0.00000000e+000 0.00000000e+000 0.00000000e+000 0.00000000e+000
  5.61981211e-001 0.00000000e+000 0.00000000e+000 0.00000000e+000
  0.00000000e+000 0.00000000e+000 0.00000000e+000 4.38018789e-001
  0.00000000e+000]
 [0.00000000e+000 0.00000000e+000 0.00000000e+000 0.00000000e+000
  0.00000000e+000 0.00000000e+000 0.00000000e+000 0.00000000e+000
  3.78621701e-001 0.00000000e+000 0.00000000e+000 6.21378299e-001
  0.00000000e+000]
 [0.00000000e+000 0.00000000e+000 0.00000000e+000 0.00000000e+000
  0.00000000e+000 0.00000000e+000 0.00000000e+000 0.00000000e+000
  0.00000000e+000 1.05490485e-197 3.24245135e-001 6.75754865e-001
  0.00000000e+000]
 [0.00000000e+000 0.00000000e+000 0.00000000e+000 0.00000000e+000
  0.00000000e+000 0.00000000e+000 0.00000000e+000 0.00000000e+000
  4.15096171e-001 0.00000000e+000 5.84903829e-001 0.00000000e+000
  5.61507200e-004]
 [0.00000000e+000 0.00000000e+000 0.00000000e+000 0.00000000e+000
  0.00000000e+000 0.00000000e+000 4.85612277e-001 0.00000000e+000
  0.00000000e+000 0.00000000e+000 5.14387723e-001 0.00000000e+000
  4.30951635e-004]
 [0.00000000e+000 0.00000000e+000 0.00000000e+000 0.00000000e+000
  0.00000000e+000 3.37048088e-001 0.00000000e+000 0.00000000e+000
  0.00000000e+000 0.00000000e+000 6.62951912e-001 0.00000000e+000
  5.30653991e-004]
 [0.00000000e+000 0.00000000e+000 0.00000000e+000 0.00000000e+000
  0.00000000e+000 0.00000000e+000 0.00000000e+000 0.00000000e+000
  0.00000000e+000 0.00000000e+000 8.23040973e-001 1.76959027e-001
  6.21763875e-004]
 [0.00000000e+000 0.00000000e+000 0.00000000e+000 0.00000000e+000
  0.00000000e+000 0.00000000e+000 0.00000000e+000 0.00000000e+000
  0.00000000e+000 4.42221529e-001 5.57778471e-001 0.00000000e+000
  0.00000000e+000]
 [0.00000000e+000 0.00000000e+000 4.09273353e-001 0.00000000e+000
  0.00000000e+000 0.00000000e+000 0.00000000e+000 0.00000000e+000
  0.00000000e+000 0.00000000e+000 5.90726647e-001 0.00000000e+000
  4.92283934e-004]
 [0.00000000e+000 4.53895733e-001 0.00000000e+000 0.00000000e+000
  0.00000000e+000 0.00000000e+000 0.00000000e+000 0.00000000e+000
  0.00000000e+000 0.00000000e+000 5.46104267e-001 0.00000000e+000
  4.62434051e-004]
 [0.00000000e+000 0.00000000e+000 0.00000000e+000 0.00000000e+000
  0.00000000e+000 0.00000000e+000 0.00000000e+000 0.00000000e+000
  7.37411386e-001 0.00000000e+000 0.00000000e+000 2.62588614e-001
  0.00000000e+000]
 [0.00000000e+000 0.00000000e+000 0.00000000e+000 0.00000000e+000
  0.00000000e+000 0.00000000e+000 1.30489094e-306 2.09443311e-001
  0.00000000e+000 1.12778342e-105 0.00000000e+000 7.90556689e-001
  0.00000000e+000]
 [0.00000000e+000 0.00000000e+000 0.00000000e+000 0.00000000e+000
  0.00000000e+000 0.00000000e+000 0.00000000e+000 6.41174262e-001
  0.00000000e+000 0.00000000e+000 3.58825738e-001 0.00000000e+000
  5.05759488e-004]
 [0.00000000e+000 3.60986442e-001 0.00000000e+000 0.00000000e+000
  0.00000000e+000 0.00000000e+000 0.00000000e+000 0.00000000e+000
  6.39013558e-001 0.00000000e+000 0.00000000e+000 0.00000000e+000
  4.03760725e-004]
 [1.31339031e-131 0.00000000e+000 0.00000000e+000 0.00000000e+000
  0.00000000e+000 0.00000000e+000 8.23391931e-307 3.82843750e-027
  0.00000000e+000 5.18853318e-001 0.00000000e+000 4.81146682e-001
  0.00000000e+000]
 [3.08869863e-001 0.00000000e+000 0.00000000e+000 0.00000000e+000
  0.00000000e+000 0.00000000e+000 0.00000000e+000 0.00000000e+000
  0.00000000e+000 0.00000000e+000 6.91130137e-001 0.00000000e+000
  4.73934590e-004]
 [0.00000000e+000 0.00000000e+000 3.12288430e-001 0.00000000e+000
  0.00000000e+000 0.00000000e+000 0.00000000e+000 0.00000000e+000
  0.00000000e+000 0.00000000e+000 0.00000000e+000 6.87711570e-001
  5.37190587e-004]
 [0.00000000e+000 0.00000000e+000 2.67966993e-001 0.00000000e+000
  0.00000000e+000 0.00000000e+000 0.00000000e+000 0.00000000e+000
  0.00000000e+000 7.32033007e-001 0.00000000e+000 0.00000000e+000
  5.43967889e-004]
 [0.00000000e+000 0.00000000e+000 0.00000000e+000 0.00000000e+000
  0.00000000e+000 0.00000000e+000 0.00000000e+000 0.00000000e+000
  0.00000000e+000 1.66871980e-001 0.00000000e+000 8.33128020e-001
  0.00000000e+000]
 [0.00000000e+000 0.00000000e+000 0.00000000e+000 0.00000000e+000
  0.00000000e+000 0.00000000e+000 0.00000000e+000 0.00000000e+000
  0.00000000e+000 7.22646114e-001 2.77353886e-001 0.00000000e+000
  6.99572829e-004]
 [0.00000000e+000 0.00000000e+000 0.00000000e+000 0.00000000e+000
  0.00000000e+000 3.74847268e-001 0.00000000e+000 0.00000000e+000
  0.00000000e+000 0.00000000e+000 0.00000000e+000 6.25152732e-001
  0.00000000e+000]
 [0.00000000e+000 2.74838252e-070 0.00000000e+000 0.00000000e+000
  0.00000000e+000 0.00000000e+000 0.00000000e+000 0.00000000e+000
  5.61223633e-001 6.50722774e-169 0.00000000e+000 4.38776367e-001
  0.00000000e+000]
 [0.00000000e+000 0.00000000e+000 0.00000000e+000 0.00000000e+000
  0.00000000e+000 0.00000000e+000 3.04682583e-001 0.00000000e+000
  0.00000000e+000 0.00000000e+000 6.95317417e-001 0.00000000e+000
  0.00000000e+000]
 [0.00000000e+000 0.00000000e+000 0.00000000e+000 0.00000000e+000
  0.00000000e+000 0.00000000e+000 3.34832191e-289 0.00000000e+000
  9.56190470e-002 1.83492585e-087 0.00000000e+000 9.04380953e-001
  5.25892079e-004]
 [3.73677868e-153 0.00000000e+000 0.00000000e+000 0.00000000e+000
  0.00000000e+000 0.00000000e+000 0.00000000e+000 2.24844516e-050
  0.00000000e+000 7.27278311e-001 0.00000000e+000 2.72721689e-001
  0.00000000e+000]
 [0.00000000e+000 0.00000000e+000 0.00000000e+000 0.00000000e+000
  0.00000000e+000 0.00000000e+000 1.87420942e-286 0.00000000e+000
  0.00000000e+000 4.80534899e-084 1.71401404e-001 8.28598596e-001
  7.15157274e-004]
 [6.15110324e-003 0.00000000e+000 0.00000000e+000 0.00000000e+000
  0.00000000e+000 0.00000000e+000 0.00000000e+000 1.33309179e-003
  0.00000000e+000 9.77377717e-001 0.00000000e+000 1.51380879e-002
  5.78423205e-004]
 [0.00000000e+000 1.87659076e-001 0.00000000e+000 0.00000000e+000
  0.00000000e+000 0.00000000e+000 0.00000000e+000 0.00000000e+000
  0.00000000e+000 0.00000000e+000 8.12340924e-001 0.00000000e+000
  0.00000000e+000]
 [1.82181120e-001 0.00000000e+000 0.00000000e+000 0.00000000e+000
  0.00000000e+000 0.00000000e+000 0.00000000e+000 0.00000000e+000
  0.00000000e+000 8.17818880e-001 0.00000000e+000 0.00000000e+000
  5.81818566e-004]
 [0.00000000e+000 0.00000000e+000 1.97396223e-001 0.00000000e+000
  0.00000000e+000 0.00000000e+000 0.00000000e+000 0.00000000e+000
  0.00000000e+000 0.00000000e+000 8.02603777e-001 0.00000000e+000
  0.00000000e+000]
 [0.00000000e+000 0.00000000e+000 0.00000000e+000 0.00000000e+000
  0.00000000e+000 7.33183471e-001 0.00000000e+000 0.00000000e+000
  0.00000000e+000 0.00000000e+000 0.00000000e+000 2.66816529e-001
  4.00522208e-004]
 [0.00000000e+000 0.00000000e+000 0.00000000e+000 0.00000000e+000
  4.00875375e-001 0.00000000e+000 0.00000000e+000 0.00000000e+000
  0.00000000e+000 0.00000000e+000 0.00000000e+000 5.99124625e-001
  0.00000000e+000]
 [0.00000000e+000 0.00000000e+000 0.00000000e+000 0.00000000e+000
  0.00000000e+000 0.00000000e+000 0.00000000e+000 1.31244788e-001
  0.00000000e+000 8.68755212e-001 0.00000000e+000 0.00000000e+000
  4.79008479e-004]
 [0.00000000e+000 0.00000000e+000 0.00000000e+000 0.00000000e+000
  0.00000000e+000 1.50273451e-001 0.00000000e+000 0.00000000e+000
  0.00000000e+000 0.00000000e+000 8.49726549e-001 0.00000000e+000
  7.05867249e-004]
 [0.00000000e+000 0.00000000e+000 0.00000000e+000 0.00000000e+000
  0.00000000e+000 0.00000000e+000 0.00000000e+000 0.00000000e+000
  2.32411139e-001 0.00000000e+000 0.00000000e+000 7.67588861e-001
  0.00000000e+000]
 [0.00000000e+000 0.00000000e+000 0.00000000e+000 0.00000000e+000
  0.00000000e+000 0.00000000e+000 0.00000000e+000 0.00000000e+000
  2.76868060e-001 0.00000000e+000 7.23131940e-001 0.00000000e+000
  0.00000000e+000]
 [0.00000000e+000 0.00000000e+000 0.00000000e+000 0.00000000e+000
  0.00000000e+000 0.00000000e+000 1.27079097e-001 0.00000000e+000
  8.72920903e-001 0.00000000e+000 0.00000000e+000 0.00000000e+000
  4.98036646e-004]
 [0.00000000e+000 0.00000000e+000 0.00000000e+000 0.00000000e+000
  6.74978297e-001 0.00000000e+000 0.00000000e+000 0.00000000e+000
  0.00000000e+000 0.00000000e+000 0.00000000e+000 3.25021703e-001
  3.80177440e-004]
 [0.00000000e+000 0.00000000e+000 0.00000000e+000 0.00000000e+000
  0.00000000e+000 0.00000000e+000 0.00000000e+000 0.00000000e+000
  6.53772610e-001 0.00000000e+000 0.00000000e+000 3.46227390e-001
  0.00000000e+000]
 [0.00000000e+000 0.00000000e+000 0.00000000e+000 0.00000000e+000
  0.00000000e+000 0.00000000e+000 0.00000000e+000 0.00000000e+000
  0.00000000e+000 0.00000000e+000 4.56756655e-001 5.43243345e-001
  0.00000000e+000]
 [0.00000000e+000 9.15981320e-002 0.00000000e+000 0.00000000e+000
  0.00000000e+000 0.00000000e+000 0.00000000e+000 0.00000000e+000
  0.00000000e+000 0.00000000e+000 0.00000000e+000 9.08401868e-001
  6.82190697e-004]]
→ Best principal utility: 0.0007087132129153966
→ Inferred agent&principal utility:    0.0 0.0004126474770936832
→ Agent and principal score:    0 0.00020674168782769934
[*] Instance 1: 0.00020674168782769934
[*] Dataset loaded: E:\Coding\pythonProject\llm4contract\problems\online_contract_edgeAI\dataset\train_03.pkl with 3 instances.
→ Best principal utility: 0.0006193891649213826
D:\Software\anaconda3\envs\llm4contract\lib\site-packages\sklearn\cluster\_kmeans.py:1419: UserWarning: KMeans is known to have a memory leak on Windows with MKL, when there are less chunks than available threads. You can avoid it by setting the environment variable OMP_NUM_THREADS=1.
  warnings.warn(
D:\Software\anaconda3\envs\llm4contract\lib\site-packages\sklearn\cluster\_kmeans.py:1419: UserWarning: KMeans is known to have a memory leak on Windows with MKL, when there are less chunks than available threads. You can avoid it by setting the environment variable OMP_NUM_THREADS=1.
  warnings.warn(
D:\Software\anaconda3\envs\llm4contract\lib\site-packages\sklearn\cluster\_kmeans.py:1419: UserWarning: KMeans is known to have a memory leak on Windows with MKL, when there are less chunks than available threads. You can avoid it by setting the environment variable OMP_NUM_THREADS=1.
  warnings.warn(
D:\Software\anaconda3\envs\llm4contract\lib\site-packages\sklearn\cluster\_kmeans.py:1419: UserWarning: KMeans is known to have a memory leak on Windows with MKL, when there are less chunks than available threads. You can avoid it by setting the environment variable OMP_NUM_THREADS=1.
  warnings.warn(
D:\Software\anaconda3\envs\llm4contract\lib\site-packages\sklearn\cluster\_kmeans.py:1419: UserWarning: KMeans is known to have a memory leak on Windows with MKL, when there are less chunks than available threads. You can avoid it by setting the environment variable OMP_NUM_THREADS=1.
  warnings.warn(
D:\Software\anaconda3\envs\llm4contract\lib\site-packages\sklearn\cluster\_kmeans.py:1419: UserWarning: KMeans is known to have a memory leak on Windows with MKL, when there are less chunks than available threads. You can avoid it by setting the environment variable OMP_NUM_THREADS=1.
  warnings.warn(
D:\Software\anaconda3\envs\llm4contract\lib\site-packages\sklearn\cluster\_kmeans.py:1419: UserWarning: KMeans is known to have a memory leak on Windows with MKL, when there are less chunks than available threads. You can avoid it by setting the environment variable OMP_NUM_THREADS=1.
  warnings.warn(
D:\Software\anaconda3\envs\llm4contract\lib\site-packages\sklearn\cluster\_kmeans.py:1419: UserWarning: KMeans is known to have a memory leak on Windows with MKL, when there are less chunks than available threads. You can avoid it by setting the environment variable OMP_NUM_THREADS=1.
  warnings.warn(
D:\Software\anaconda3\envs\llm4contract\lib\site-packages\sklearn\cluster\_kmeans.py:1419: UserWarning: KMeans is known to have a memory leak on Windows with MKL, when there are less chunks than available threads. You can avoid it by setting the environment variable OMP_NUM_THREADS=1.
  warnings.warn(
D:\Software\anaconda3\envs\llm4contract\lib\site-packages\sklearn\cluster\_kmeans.py:1419: UserWarning: KMeans is known to have a memory leak on Windows with MKL, when there are less chunks than available threads. You can avoid it by setting the environment variable OMP_NUM_THREADS=1.
  warnings.warn(
The running time is：0.4801 seconds
The inferred contract is [[0.00000000e+000 0.00000000e+000 0.00000000e+000 0.00000000e+000
  0.00000000e+000 0.00000000e+000 0.00000000e+000 0.00000000e+000
  6.69662096e-001 0.00000000e+000 0.00000000e+000 3.30337904e-001
  0.00000000e+000]
 [0.00000000e+000 0.00000000e+000 0.00000000e+000 0.00000000e+000
  0.00000000e+000 0.00000000e+000 4.70335106e-001 0.00000000e+000
  0.00000000e+000 0.00000000e+000 0.00000000e+000 5.29664894e-001
  0.00000000e+000]
 [0.00000000e+000 0.00000000e+000 0.00000000e+000 0.00000000e+000
  0.00000000e+000 0.00000000e+000 0.00000000e+000 0.00000000e+000
  2.18540177e-133 0.00000000e+000 6.96821298e-001 3.03178702e-001
  0.00000000e+000]
 [0.00000000e+000 0.00000000e+000 0.00000000e+000 0.00000000e+000
  0.00000000e+000 0.00000000e+000 0.00000000e+000 0.00000000e+000
  0.00000000e+000 8.51819575e-001 7.02584937e-160 1.48180425e-001
  5.32192508e-004]
 [0.00000000e+000 0.00000000e+000 0.00000000e+000 0.00000000e+000
  0.00000000e+000 0.00000000e+000 0.00000000e+000 0.00000000e+000
  0.00000000e+000 1.68148865e-001 1.08753646e-127 8.31851135e-001
  0.00000000e+000]
 [0.00000000e+000 0.00000000e+000 0.00000000e+000 0.00000000e+000
  0.00000000e+000 0.00000000e+000 0.00000000e+000 5.38726837e-001
  0.00000000e+000 0.00000000e+000 1.49962877e-174 4.61273163e-001
  0.00000000e+000]
 [0.00000000e+000 0.00000000e+000 0.00000000e+000 0.00000000e+000
  0.00000000e+000 0.00000000e+000 0.00000000e+000 0.00000000e+000
  0.00000000e+000 4.91303087e-001 0.00000000e+000 5.08696913e-001
  0.00000000e+000]
 [0.00000000e+000 0.00000000e+000 0.00000000e+000 5.82932663e-001
  0.00000000e+000 0.00000000e+000 0.00000000e+000 0.00000000e+000
  1.52109203e-149 0.00000000e+000 4.17067337e-001 0.00000000e+000
  4.14298393e-004]
 [0.00000000e+000 0.00000000e+000 0.00000000e+000 0.00000000e+000
  0.00000000e+000 0.00000000e+000 0.00000000e+000 0.00000000e+000
  1.81946615e-002 0.00000000e+000 9.81805339e-001 0.00000000e+000
  6.31484163e-004]
 [0.00000000e+000 0.00000000e+000 0.00000000e+000 0.00000000e+000
  6.26406951e-001 0.00000000e+000 0.00000000e+000 0.00000000e+000
  0.00000000e+000 0.00000000e+000 3.73593049e-001 0.00000000e+000
  4.29054106e-004]
 [0.00000000e+000 0.00000000e+000 0.00000000e+000 0.00000000e+000
  0.00000000e+000 0.00000000e+000 0.00000000e+000 0.00000000e+000
  4.05117732e-152 0.00000000e+000 1.02336947e-001 8.97663053e-001
  0.00000000e+000]
 [0.00000000e+000 0.00000000e+000 0.00000000e+000 0.00000000e+000
  0.00000000e+000 0.00000000e+000 7.69779673e-001 0.00000000e+000
  0.00000000e+000 0.00000000e+000 2.30220327e-001 0.00000000e+000
  5.02787878e-004]
 [0.00000000e+000 0.00000000e+000 0.00000000e+000 0.00000000e+000
  0.00000000e+000 0.00000000e+000 0.00000000e+000 7.28118227e-001
  0.00000000e+000 0.00000000e+000 0.00000000e+000 2.71881773e-001
  3.50686596e-004]
 [0.00000000e+000 0.00000000e+000 0.00000000e+000 0.00000000e+000
  0.00000000e+000 0.00000000e+000 0.00000000e+000 0.00000000e+000
  4.31717794e-001 0.00000000e+000 0.00000000e+000 5.68282206e-001
  0.00000000e+000]
 [0.00000000e+000 0.00000000e+000 4.25195520e-001 0.00000000e+000
  0.00000000e+000 0.00000000e+000 0.00000000e+000 0.00000000e+000
  0.00000000e+000 5.74804480e-001 0.00000000e+000 0.00000000e+000
  5.31648778e-004]
 [0.00000000e+000 0.00000000e+000 0.00000000e+000 0.00000000e+000
  0.00000000e+000 4.90615638e-001 0.00000000e+000 0.00000000e+000
  0.00000000e+000 5.09384362e-001 0.00000000e+000 0.00000000e+000
  4.61178297e-004]
 [0.00000000e+000 0.00000000e+000 0.00000000e+000 0.00000000e+000
  0.00000000e+000 0.00000000e+000 0.00000000e+000 5.81427391e-001
  0.00000000e+000 0.00000000e+000 4.18572609e-001 0.00000000e+000
  5.40005440e-004]
 [0.00000000e+000 0.00000000e+000 0.00000000e+000 0.00000000e+000
  0.00000000e+000 0.00000000e+000 0.00000000e+000 0.00000000e+000
  0.00000000e+000 5.72250979e-001 4.27749021e-001 0.00000000e+000
  0.00000000e+000]
 [0.00000000e+000 0.00000000e+000 0.00000000e+000 0.00000000e+000
  0.00000000e+000 0.00000000e+000 0.00000000e+000 6.17427437e-001
  0.00000000e+000 3.82572563e-001 0.00000000e+000 0.00000000e+000
  3.96362012e-004]
 [4.20328554e-001 0.00000000e+000 0.00000000e+000 0.00000000e+000
  0.00000000e+000 0.00000000e+000 0.00000000e+000 0.00000000e+000
  0.00000000e+000 0.00000000e+000 0.00000000e+000 5.79671446e-001
  4.31399081e-004]
 [0.00000000e+000 0.00000000e+000 0.00000000e+000 0.00000000e+000
  0.00000000e+000 0.00000000e+000 0.00000000e+000 0.00000000e+000
  6.88242337e-001 3.11757663e-001 0.00000000e+000 0.00000000e+000
  6.15899281e-004]
 [0.00000000e+000 0.00000000e+000 0.00000000e+000 0.00000000e+000
  0.00000000e+000 0.00000000e+000 3.09397302e-001 0.00000000e+000
  0.00000000e+000 0.00000000e+000 2.40254816e-141 6.90602698e-001
  0.00000000e+000]
 [0.00000000e+000 3.67904339e-001 0.00000000e+000 0.00000000e+000
  0.00000000e+000 0.00000000e+000 0.00000000e+000 0.00000000e+000
  6.32095661e-001 0.00000000e+000 0.00000000e+000 0.00000000e+000
  5.07876145e-004]
 [0.00000000e+000 0.00000000e+000 2.57302596e-001 0.00000000e+000
  0.00000000e+000 0.00000000e+000 0.00000000e+000 0.00000000e+000
  0.00000000e+000 0.00000000e+000 0.00000000e+000 7.42697404e-001
  5.85038275e-004]
 [0.00000000e+000 0.00000000e+000 0.00000000e+000 3.68812939e-001
  0.00000000e+000 0.00000000e+000 0.00000000e+000 0.00000000e+000
  0.00000000e+000 6.31187061e-001 0.00000000e+000 0.00000000e+000
  4.89336822e-004]
 [0.00000000e+000 0.00000000e+000 0.00000000e+000 0.00000000e+000
  0.00000000e+000 0.00000000e+000 0.00000000e+000 0.00000000e+000
  0.00000000e+000 0.00000000e+000 4.37541867e-001 5.62458133e-001
  0.00000000e+000]
 [0.00000000e+000 0.00000000e+000 0.00000000e+000 0.00000000e+000
  0.00000000e+000 0.00000000e+000 0.00000000e+000 2.54812543e-001
  2.05759244e-129 0.00000000e+000 7.45187457e-001 0.00000000e+000
  0.00000000e+000]
 [0.00000000e+000 0.00000000e+000 0.00000000e+000 0.00000000e+000
  0.00000000e+000 0.00000000e+000 1.27642442e-001 0.00000000e+000
  0.00000000e+000 8.72357558e-001 0.00000000e+000 0.00000000e+000
  5.64277315e-004]
 [0.00000000e+000 0.00000000e+000 0.00000000e+000 0.00000000e+000
  0.00000000e+000 0.00000000e+000 0.00000000e+000 3.80776370e-001
  0.00000000e+000 0.00000000e+000 2.41885145e-142 6.19223630e-001
  0.00000000e+000]
 [0.00000000e+000 0.00000000e+000 0.00000000e+000 0.00000000e+000
  3.54851344e-001 0.00000000e+000 0.00000000e+000 0.00000000e+000
  0.00000000e+000 0.00000000e+000 0.00000000e+000 6.45148656e-001
  4.54173205e-004]
 [0.00000000e+000 0.00000000e+000 0.00000000e+000 0.00000000e+000
  0.00000000e+000 0.00000000e+000 1.30543923e-001 0.00000000e+000
  8.69456077e-001 0.00000000e+000 0.00000000e+000 0.00000000e+000
  5.32019825e-004]
 [0.00000000e+000 6.44436112e-002 0.00000000e+000 0.00000000e+000
  0.00000000e+000 0.00000000e+000 0.00000000e+000 0.00000000e+000
  0.00000000e+000 0.00000000e+000 0.00000000e+000 9.35556389e-001
  6.26475760e-004]
 [0.00000000e+000 0.00000000e+000 1.60368754e-001 0.00000000e+000
  0.00000000e+000 0.00000000e+000 8.39631246e-001 0.00000000e+000
  0.00000000e+000 0.00000000e+000 0.00000000e+000 0.00000000e+000
  3.60921935e-004]
 [0.00000000e+000 0.00000000e+000 0.00000000e+000 0.00000000e+000
  0.00000000e+000 0.00000000e+000 0.00000000e+000 0.00000000e+000
  8.23770825e-001 0.00000000e+000 0.00000000e+000 1.76229175e-001
  5.90412800e-004]
 [2.09546431e-001 0.00000000e+000 0.00000000e+000 0.00000000e+000
  0.00000000e+000 0.00000000e+000 0.00000000e+000 0.00000000e+000
  0.00000000e+000 0.00000000e+000 0.00000000e+000 7.90453569e-001
  6.29183024e-004]
 [0.00000000e+000 0.00000000e+000 0.00000000e+000 0.00000000e+000
  0.00000000e+000 0.00000000e+000 6.06180463e-001 0.00000000e+000
  0.00000000e+000 0.00000000e+000 6.71515148e-172 3.93819537e-001
  6.32794790e-004]
 [0.00000000e+000 0.00000000e+000 0.00000000e+000 0.00000000e+000
  0.00000000e+000 1.97283928e-001 0.00000000e+000 0.00000000e+000
  0.00000000e+000 0.00000000e+000 8.02716072e-001 0.00000000e+000
  5.94182743e-004]
