[*] Running ...
[*] Dataset loaded: E:\Coding\pythonProject\llm4contract\problems\online_contract_edgeAI\dataset\train_01.pkl with 3 instances.
→ Best principal utility: 0.0006193891649213826
D:\Software\anaconda3\envs\llm4contract\lib\site-packages\sklearn\cluster\_kmeans.py:1419: UserWarning: KMeans is known to have a memory leak on Windows with MKL, when there are less chunks than available threads. You can avoid it by setting the environment variable OMP_NUM_THREADS=1.
  warnings.warn(
The running time is：0.7012 seconds
The inferred contract is [[8.33333333e-02 8.33333333e-02 8.33333333e-02 8.33333333e-02
  8.33333333e-02 8.33333333e-02 8.33333333e-02 8.33333333e-02
  8.33333333e-02 8.33333333e-02 8.33333333e-02 8.33333333e-02
  2.66958119e-04]
 [2.76090923e-01 2.28338741e-01 1.67622671e-01 1.09530306e-02
  1.88130177e-02 7.90972607e-02 1.62000150e-01 3.27264968e-02
  5.55111512e-17 0.00000000e+00 2.43577094e-02 5.55111512e-17
  2.67536061e-04]
 [4.87231344e-01 3.91754183e-01 3.05311332e-16 1.11022302e-16
  2.78642944e-02 2.63677968e-16 6.93889390e-17 9.31501792e-02
  1.52655666e-16 3.60822483e-16 6.93889390e-17 5.55111512e-17
  3.02397168e-04]
 [3.23461924e-01 0.00000000e+00 8.83894218e-02 1.26404150e-01
  1.93353963e-01 1.68243157e-01 4.83089562e-04 0.00000000e+00
  0.00000000e+00 0.00000000e+00 9.96642958e-02 0.00000000e+00
  2.99860428e-04]
 [2.72387321e-01 1.17326217e-01 1.00766252e-01 2.08597210e-01
  8.32667268e-17 1.11022302e-16 0.00000000e+00 1.84558348e-01
  0.00000000e+00 5.55111512e-17 1.16364651e-01 1.66533454e-16
  2.81775911e-04]]
→ Best principal utility: 0.0002478058036076311
→ Inferred agent&principal utility:    0.0003294479588257729 0.0002212973014296852
→ Agent and principal score:    0 0.00039809186349169736
[*] Instance 0: 0.00039809186349169736
[*] Dataset loaded: E:\Coding\pythonProject\llm4contract\problems\online_contract_edgeAI\dataset\train_02.pkl with 3 instances.
→ Best principal utility: 0.0006193891649213826
D:\Software\anaconda3\envs\llm4contract\lib\site-packages\sklearn\cluster\_kmeans.py:1419: UserWarning: KMeans is known to have a memory leak on Windows with MKL, when there are less chunks than available threads. You can avoid it by setting the environment variable OMP_NUM_THREADS=1.
  warnings.warn(
The running time is：0.1061 seconds
The inferred contract is [[8.33333333e-02 8.33333333e-02 8.33333333e-02 8.33333333e-02
  8.33333333e-02 8.33333333e-02 8.33333333e-02 8.33333333e-02
  8.33333333e-02 8.33333333e-02 8.33333333e-02 8.33333333e-02
  3.12530503e-04]
 [3.16033074e-01 2.48168021e-01 1.34719123e-01 2.62627340e-02
  0.00000000e+00 0.00000000e+00 9.72602280e-02 9.71445147e-17
  1.77556819e-01 6.93889390e-17 0.00000000e+00 1.11022302e-16
  3.24477159e-04]
 [2.57680499e-01 1.94789593e-01 0.00000000e+00 1.98474831e-01
  5.55111512e-17 6.45723330e-02 1.16321095e-01 1.30969745e-01
  0.00000000e+00 3.71919040e-02 2.77555756e-17 0.00000000e+00
  3.01543370e-04]
 [1.65630227e-01 2.88499250e-01 5.74233568e-02 9.98720852e-02
  2.50431295e-01 0.00000000e+00 1.38143786e-01 0.00000000e+00
  0.00000000e+00 2.77555756e-17 0.00000000e+00 9.71445147e-17
  3.07971036e-04]
 [1.09399354e-01 1.75182040e-01 2.39174535e-01 7.53413196e-02
  2.77555756e-17 1.14543898e-01 4.16333634e-17 1.34662431e-01
  1.51696422e-01 4.16333634e-17 1.38777878e-17 1.38777878e-17
  2.92366730e-04]]
→ Best principal utility: 0.00020223341937231575
→ Inferred agent&principal utility:    0.0005097955337025145 4.094972655294363e-05
→ Agent and principal score:    0 0.0005784394383684389
[*] Instance 1: 0.0005784394383684389
[*] Dataset loaded: E:\Coding\pythonProject\llm4contract\problems\online_contract_edgeAI\dataset\train_03.pkl with 3 instances.
→ Best principal utility: 0.0006193891649213826
D:\Software\anaconda3\envs\llm4contract\lib\site-packages\sklearn\cluster\_kmeans.py:1419: UserWarning: KMeans is known to have a memory leak on Windows with MKL, when there are less chunks than available threads. You can avoid it by setting the environment variable OMP_NUM_THREADS=1.
  warnings.warn(
The running time is：0.1120 seconds
The inferred contract is [[8.33333333e-02 8.33333333e-02 8.33333333e-02 8.33333333e-02
  8.33333333e-02 8.33333333e-02 8.33333333e-02 8.33333333e-02
  8.33333333e-02 8.33333333e-02 8.33333333e-02 8.33333333e-02
  2.81580685e-04]
 [1.95309602e-01 1.36802944e-01 3.73089690e-02 1.59452737e-01
  8.60646930e-02 1.19814060e-01 9.90820196e-02 9.90070515e-02
  6.71579233e-02 2.77555756e-17 2.77555756e-17 6.93889390e-17
  2.96923289e-04]
 [4.42773563e-01 3.83637792e-01 3.44987191e-03 0.00000000e+00
  0.00000000e+00 0.00000000e+00 0.00000000e+00 0.00000000e+00
  1.70138774e-01 0.00000000e+00 0.00000000e+00 0.00000000e+00
  2.44862967e-04]
 [1.77224533e-01 5.86522940e-02 1.58331646e-01 2.35922393e-16
  1.64844851e-01 1.49024014e-01 1.39539108e-01 2.77555756e-16
  1.08176600e-01 4.42069536e-02 1.94289029e-16 2.49800181e-16
  2.64688872e-04]
 [1.34691628e-01 2.34219610e-01 9.03290327e-02 2.81967824e-01
  7.79415762e-02 1.80850329e-01 6.93889390e-17 1.80411242e-16
  9.71445147e-17 1.24900090e-16 2.08166817e-16 9.71445147e-17
  3.22599302e-04]]
→ Best principal utility: 0.0002331832370323881
→ Inferred agent&principal utility:    0.00031519425702575016 0.00029471692075602274
→ Agent and principal score:    0 0.00032467224416535983
[*] Instance 2: 0.00032467224416535983
[*] Average:
0.000433734515341832
