[*] Running ...
[*] Dataset loaded: E:\Coding\pythonProject\llm4contract\problems\online_contract_edgeAI\dataset\train_01.pkl with 3 instances.
→ Best principal utility: 0.0006193891649213826
D:\Software\anaconda3\envs\llm4contract\lib\site-packages\sklearn\cluster\_kmeans.py:1419: UserWarning: KMeans is known to have a memory leak on Windows with MKL, when there are less chunks than available threads. You can avoid it by setting the environment variable OMP_NUM_THREADS=1.
  warnings.warn(
The running time is：0.6867 seconds
The inferred contract is [[0.05480751 0.11591814 0.13194629 0.04547501 0.08906289 0.06947104
  0.16785418 0.04595081 0.04410607 0.10073936 0.05775697 0.07691174
  0.        ]
 [0.10740141 0.11881364 0.03568805 0.07100595 0.07931442 0.04459795
  0.1196484  0.0816514  0.1071136  0.09987254 0.0605362  0.07435643
  0.        ]
 [0.1312877  0.09154846 0.0805896  0.08074733 0.0468164  0.08121177
  0.09819161 0.1348835  0.03215837 0.0551425  0.07167854 0.0957442
  0.        ]
 [0.09649154 0.05070146 0.06759002 0.07633919 0.08021077 0.12674106
  0.12553997 0.04040444 0.09466831 0.09811979 0.1026926  0.04050085
  0.        ]
 [0.10948044 0.10398458 0.1107074  0.01992503 0.11387968 0.04969544
  0.0424852  0.11436908 0.09647201 0.07014389 0.07477824 0.09407902
  0.        ]
 [0.10925837 0.03944811 0.04938853 0.11210606 0.11816509 0.05925012
  0.05743125 0.09285535 0.11224392 0.09436604 0.03823387 0.11725329
  0.        ]
 [0.07616017 0.06371835 0.08176415 0.07440883 0.05920064 0.07806011
  0.02188201 0.08485519 0.10372016 0.12820046 0.10224001 0.12578991
  0.        ]
 [0.02004446 0.1049228  0.07840583 0.07932162 0.06023545 0.10358697
  0.09864908 0.12653194 0.08509442 0.09762038 0.05939152 0.08619553
  0.        ]]
→ Best principal utility: 0.000540714386971665
→ Inferred agent&principal utility:    0.0 0.0004126474770936832
→ Agent and principal score:    0 0.00020674168782769934
[*] Instance 0: 0.00020674168782769934
[*] Dataset loaded: E:\Coding\pythonProject\llm4contract\problems\online_contract_edgeAI\dataset\train_02.pkl with 3 instances.
→ Best principal utility: 0.0006193891649213826
D:\Software\anaconda3\envs\llm4contract\lib\site-packages\sklearn\cluster\_kmeans.py:1419: UserWarning: KMeans is known to have a memory leak on Windows with MKL, when there are less chunks than available threads. You can avoid it by setting the environment variable OMP_NUM_THREADS=1.
  warnings.warn(
The running time is：0.0297 seconds
The inferred contract is [[0.04144032 0.05892564 0.04635033 0.11912729 0.07947595 0.08594292
  0.09938222 0.08785134 0.0737645  0.10880205 0.09436424 0.10457321
  0.        ]
 [0.06157926 0.15528578 0.05914169 0.11904525 0.04859543 0.06619055
  0.07591442 0.06432437 0.14778283 0.0446932  0.06195053 0.09549671
  0.        ]
 [0.06448244 0.10166289 0.11280016 0.03237838 0.0693447  0.12764899
  0.06292599 0.11721065 0.11394923 0.04420969 0.05149553 0.10189135
  0.        ]
 [0.13950572 0.08069494 0.06680066 0.05833552 0.07894169 0.10494532
  0.06885891 0.05682883 0.08310843 0.04416945 0.1076968  0.11011374
  0.        ]
 [0.12171865 0.07378331 0.03355275 0.10980584 0.00969526 0.06953986
  0.14348391 0.1174212  0.04356898 0.11149853 0.09300453 0.07292717
  0.        ]
 [0.07375621 0.06206159 0.06850181 0.06027435 0.05523146 0.11219094
  0.10268973 0.11526376 0.10549105 0.10428995 0.07862817 0.06162098
  0.        ]
 [0.13895339 0.08599423 0.03972022 0.0394634  0.12050312 0.02993348
  0.17034417 0.08769599 0.07062332 0.07452175 0.05781408 0.08443284
  0.        ]
 [0.10593424 0.04791376 0.13496772 0.07121426 0.05780491 0.07648041
  0.04963003 0.07444031 0.08287132 0.13110811 0.09135063 0.0762843
  0.        ]]
→ Best principal utility: 0.0005384171181876101
→ Inferred agent&principal utility:    0.0 0.0004126474770936832
→ Agent and principal score:    0 0.00020674168782769934
[*] Instance 1: 0.00020674168782769934
[*] Dataset loaded: E:\Coding\pythonProject\llm4contract\problems\online_contract_edgeAI\dataset\train_03.pkl with 3 instances.
→ Best principal utility: 0.0006193891649213826
D:\Software\anaconda3\envs\llm4contract\lib\site-packages\sklearn\cluster\_kmeans.py:1419: UserWarning: KMeans is known to have a memory leak on Windows with MKL, when there are less chunks than available threads. You can avoid it by setting the environment variable OMP_NUM_THREADS=1.
  warnings.warn(
The running time is：0.0285 seconds
The inferred contract is [[0.08360732 0.12366186 0.09045188 0.06134806 0.05769305 0.05807574
  0.03562798 0.07900093 0.10455342 0.1004396  0.11490352 0.09063665
  0.        ]
 [0.12596052 0.08387248 0.06123015 0.08883827 0.05579982 0.09104016
  0.11863993 0.08712069 0.09979848 0.04428878 0.05041089 0.09299986
  0.        ]
 [0.10588685 0.06967858 0.06216449 0.0600543  0.07007097 0.11582731
  0.06250377 0.14456802 0.05348265 0.04225903 0.10908034 0.10442369
  0.        ]
 [0.11715273 0.04078993 0.0874078  0.03368695 0.09943397 0.10048646
  0.11930191 0.02271284 0.11667556 0.05002839 0.10659474 0.10572873
  0.        ]
 [0.10112226 0.09896466 0.14147054 0.03738731 0.03916862 0.08063124
  0.12822883 0.05121649 0.08573232 0.11065387 0.02661111 0.09881274
  0.        ]
 [0.06755466 0.0959737  0.07930629 0.15370402 0.09049685 0.11486517
  0.05818275 0.10573998 0.08631714 0.05748539 0.06125677 0.02911727
  0.        ]
 [0.0404466  0.10521612 0.05311714 0.05725292 0.11879791 0.10266719
  0.14329514 0.06086252 0.06932923 0.08965621 0.08189766 0.07746134
  0.        ]
 [0.08614912 0.0543432  0.06411944 0.07626411 0.08127844 0.04934454
  0.06987902 0.12728615 0.11661223 0.11765    0.07746382 0.07960993
  0.        ]]
→ Best principal utility: 0.0005310874897565213
→ Inferred agent&principal utility:    0.0 0.0004126474770936832
→ Agent and principal score:    0 0.00020674168782769934
[*] Instance 2: 0.00020674168782769934
[*] Average:
0.00020674168782769932
