[*] Running ...
[*] Dataset loaded: E:\Coding\pythonProject\llm4contract\problems\online_contract_edgeAI\dataset\train_01.pkl with 3 instances.
→ Best principal utility: 0.0006193891649213826
D:\Software\anaconda3\envs\llm4contract\lib\site-packages\sklearn\cluster\_kmeans.py:1419: UserWarning: KMeans is known to have a memory leak on Windows with MKL, when there are less chunks than available threads. You can avoid it by setting the environment variable OMP_NUM_THREADS=1.
  warnings.warn(
The running time is：0.7792 seconds
The inferred contract is [[3.15200708e-03 0.00000000e+00 0.00000000e+00 0.00000000e+00
  3.46944695e-18 1.60145356e-02 1.03496485e-02 7.15254020e-03
  4.28183986e-02 0.00000000e+00 8.06404749e-01 1.14108120e-01
  5.35689053e-05]
 [1.35705503e-01 0.00000000e+00 2.71050543e-20 0.00000000e+00
  2.50988001e-01 0.00000000e+00 0.00000000e+00 0.00000000e+00
  1.38777878e-17 0.00000000e+00 0.00000000e+00 6.13306496e-01
  1.06388864e-04]
 [0.00000000e+00 0.00000000e+00 0.00000000e+00 0.00000000e+00
  1.73472348e-18 0.00000000e+00 1.38777878e-17 1.38777878e-17
  1.38777878e-17 5.33417888e-01 5.55111512e-17 4.66582112e-01
  3.20481680e-05]
 [1.63050968e-02 0.00000000e+00 0.00000000e+00 0.00000000e+00
  1.73472348e-18 0.00000000e+00 0.00000000e+00 0.00000000e+00
  6.39338309e-01 0.00000000e+00 5.55111512e-17 3.44356594e-01
  4.29913166e-05]
 [0.00000000e+00 0.00000000e+00 0.00000000e+00 0.00000000e+00
  0.00000000e+00 0.00000000e+00 7.43637988e-01 0.00000000e+00
  0.00000000e+00 0.00000000e+00 0.00000000e+00 2.56362012e-01
  3.31749135e-05]
 [0.00000000e+00 0.00000000e+00 0.00000000e+00 0.00000000e+00
  1.73472348e-18 0.00000000e+00 0.00000000e+00 0.00000000e+00
  1.38777878e-17 0.00000000e+00 3.54035553e-01 6.45964447e-01
  2.87759808e-05]
 [0.00000000e+00 0.00000000e+00 0.00000000e+00 0.00000000e+00
  1.73472348e-18 0.00000000e+00 1.38777878e-17 5.84440217e-01
  1.38777878e-17 2.77555756e-17 5.55111512e-17 4.15559783e-01
  4.53077138e-05]
 [0.00000000e+00 0.00000000e+00 0.00000000e+00 0.00000000e+00
  0.00000000e+00 0.00000000e+00 5.65364373e-01 0.00000000e+00
  0.00000000e+00 0.00000000e+00 4.34635627e-01 0.00000000e+00
  3.31407814e-05]
 [0.00000000e+00 0.00000000e+00 6.33129457e-04 0.00000000e+00
  9.07598352e-03 0.00000000e+00 6.16182130e-03 2.75740170e-02
  4.06940467e-02 1.85391382e-02 4.21968974e-02 8.55124966e-01
  3.40540218e-05]
 [0.00000000e+00 0.00000000e+00 0.00000000e+00 0.00000000e+00
  3.43165720e-02 2.45572507e-02 0.00000000e+00 3.66244431e-02
  2.76793508e-02 7.87092669e-01 5.55111512e-17 8.97297144e-02
  4.27828990e-05]
 [0.00000000e+00 0.00000000e+00 0.00000000e+00 0.00000000e+00
  0.00000000e+00 5.95741956e-01 0.00000000e+00 0.00000000e+00
  0.00000000e+00 0.00000000e+00 0.00000000e+00 4.04258044e-01
  3.66140844e-05]
 [0.00000000e+00 0.00000000e+00 2.71050543e-20 0.00000000e+00
  1.73472348e-18 0.00000000e+00 0.00000000e+00 5.03833359e-01
  1.38777878e-17 0.00000000e+00 4.96166641e-01 0.00000000e+00
  2.79929380e-05]]
→ Best principal utility: 0.0006788210540901808
→ Inferred agent&principal utility:    3.192018030018968e-06 0.0006161971468914636
→ Agent and principal score:    0 3.192018029918981e-06
[*] Instance 0: 3.192018029918981e-06
[*] Dataset loaded: E:\Coding\pythonProject\llm4contract\problems\online_contract_edgeAI\dataset\train_02.pkl with 3 instances.
→ Best principal utility: 0.0006193891649213826
D:\Software\anaconda3\envs\llm4contract\lib\site-packages\sklearn\cluster\_kmeans.py:1419: UserWarning: KMeans is known to have a memory leak on Windows with MKL, when there are less chunks than available threads. You can avoid it by setting the environment variable OMP_NUM_THREADS=1.
  warnings.warn(
The running time is：0.1579 seconds
The inferred contract is [[ 0.00000000e+00  0.00000000e+00  0.00000000e+00  0.00000000e+00
   0.00000000e+00  0.00000000e+00  0.00000000e+00  5.53907133e-01
   0.00000000e+00  0.00000000e+00  7.17651476e-02  3.74327719e-01
   4.32622193e-05]
 [ 0.00000000e+00  4.53895733e-02  4.09273353e-02  0.00000000e+00
   3.46944695e-18  4.33387160e-02  1.27590714e-01  6.93889390e-18
   8.30192342e-02  8.84443058e-02  5.71290122e-01 -1.11022302e-16
   0.00000000e+00]
 [ 5.84128589e-03  5.25698309e-02  0.00000000e+00  0.00000000e+00
   0.00000000e+00  3.46944695e-18  1.81541567e-02  0.00000000e+00
   8.96076346e-01  0.00000000e+00  0.00000000e+00  2.73583803e-02
   3.09568321e-05]
 [ 2.22927144e-02  3.46944695e-18  2.97741103e-02  0.00000000e+00
   3.46944695e-18  3.46944695e-18  0.00000000e+00  1.50271182e-02
   0.00000000e+00  8.54612975e-01  3.08170985e-02  4.74759837e-02
   3.77077978e-05]
 [ 1.71594368e-02  1.04255042e-02  1.09664568e-02  0.00000000e+00
   6.93889390e-18  4.04604313e-02  2.93557190e-03  2.08166817e-17
   1.53815589e-02  3.40081493e-03  8.25379541e-01  7.38906843e-02
   6.02464733e-05]
 [ 0.00000000e+00  1.73472348e-18  0.00000000e+00  0.00000000e+00
   5.45944961e-01  3.46944695e-18  0.00000000e+00  0.00000000e+00
   0.00000000e+00  0.00000000e+00  0.00000000e+00  4.54055039e-01
   1.99534718e-05]
 [ 0.00000000e+00  1.73472348e-18  0.00000000e+00  0.00000000e+00
   0.00000000e+00  5.68599202e-01  0.00000000e+00  0.00000000e+00
   0.00000000e+00  0.00000000e+00  0.00000000e+00  4.31400798e-01
   4.62906771e-05]
 [ 0.00000000e+00  3.46944695e-18  0.00000000e+00  0.00000000e+00
   3.46944695e-18  3.46944695e-18  0.00000000e+00  6.93889390e-18
   0.00000000e+00  0.00000000e+00  4.80652804e-01  5.19347196e-01
   4.51275123e-05]
 [ 0.00000000e+00  0.00000000e+00  0.00000000e+00  0.00000000e+00
   0.00000000e+00  0.00000000e+00  0.00000000e+00  0.00000000e+00
   0.00000000e+00  5.21198501e-01  0.00000000e+00  4.78801499e-01
   3.74321906e-05]
 [ 0.00000000e+00  0.00000000e+00  0.00000000e+00  0.00000000e+00
   0.00000000e+00  0.00000000e+00  4.64249563e-01  0.00000000e+00
   0.00000000e+00  0.00000000e+00  0.00000000e+00  5.35750437e-01
   5.06966831e-05]
 [ 3.46944695e-18  4.36181581e-03  1.48708776e-02  0.00000000e+00
   1.04083409e-17  2.30523481e-03  1.40832888e-03  2.99204731e-02
   2.92803489e-02  1.83050329e-02  3.88244413e-02  8.60723447e-01
   5.17579792e-05]
 [ 0.00000000e+00  1.73472348e-18  0.00000000e+00  0.00000000e+00
   0.00000000e+00  3.46944695e-18  6.93889390e-18  0.00000000e+00
   6.04941020e-01  0.00000000e+00  0.00000000e+00  3.95058980e-01
   4.33241998e-05]]
→ Best principal utility: 0.0006416167966075998
→ Inferred agent&principal utility:    3.969403472057993e-06 0.000605941774309715
→ Agent and principal score:    0 1.3447390611667559e-05
[*] Instance 1: 1.3447390611667559e-05
[*] Dataset loaded: E:\Coding\pythonProject\llm4contract\problems\online_contract_edgeAI\dataset\train_03.pkl with 3 instances.
→ Best principal utility: 0.0006193891649213826
D:\Software\anaconda3\envs\llm4contract\lib\site-packages\sklearn\cluster\_kmeans.py:1419: UserWarning: KMeans is known to have a memory leak on Windows with MKL, when there are less chunks than available threads. You can avoid it by setting the environment variable OMP_NUM_THREADS=1.
  warnings.warn(
The running time is：0.1797 seconds
The inferred contract is [[0.00000000e+00 0.00000000e+00 1.73472348e-18 0.00000000e+00
  1.73472348e-18 0.00000000e+00 3.78853725e-01 0.00000000e+00
  1.38777878e-17 2.77555756e-17 2.77555756e-17 6.21146275e-01
  9.45138229e-06]
 [0.00000000e+00 0.00000000e+00 2.83463680e-02 2.45875293e-02
  0.00000000e+00 5.47910696e-02 8.50949616e-03 1.38777878e-17
  1.38777878e-17 7.63924329e-01 4.08167002e-02 7.90245079e-02
  4.44273195e-05]
 [0.00000000e+00 0.00000000e+00 1.73472348e-18 0.00000000e+00
  0.00000000e+00 1.97283928e-02 0.00000000e+00 5.09625085e-02
  1.43647820e-02 2.77555756e-17 8.35620439e-01 7.93238775e-02
  5.47919757e-05]
 [0.00000000e+00 5.25577628e-02 1.73472348e-18 0.00000000e+00
  0.00000000e+00 0.00000000e+00 1.86491318e-02 0.00000000e+00
  7.39522845e-01 4.45368090e-02 0.00000000e+00 1.44733451e-01
  5.99413931e-05]
 [2.39980942e-02 2.30155754e-03 1.83787569e-02 0.00000000e+00
  1.26732623e-02 7.43835041e-03 8.41256064e-03 1.42032088e-02
  2.77555756e-17 7.33765161e-02 1.82744534e-02 8.20943240e-01
  3.03004069e-05]
 [0.00000000e+00 0.00000000e+00 1.73472348e-18 0.00000000e+00
  0.00000000e+00 0.00000000e+00 0.00000000e+00 5.22765489e-01
  1.38777878e-17 3.82572563e-02 4.18572609e-02 3.97119994e-01
  5.68669516e-05]
 [0.00000000e+00 8.67361738e-19 5.34562514e-02 0.00000000e+00
  0.00000000e+00 0.00000000e+00 7.52198076e-01 0.00000000e+00
  0.00000000e+00 0.00000000e+00 7.67401089e-02 1.17605564e-01
  3.40323270e-05]
 [0.00000000e+00 0.00000000e+00 0.00000000e+00 5.82932663e-01
  0.00000000e+00 0.00000000e+00 0.00000000e+00 0.00000000e+00
  0.00000000e+00 0.00000000e+00 4.17067337e-01 0.00000000e+00
  3.99773202e-05]
 [0.00000000e+00 0.00000000e+00 0.00000000e+00 0.00000000e+00
  0.00000000e+00 0.00000000e+00 0.00000000e+00 0.00000000e+00
  0.00000000e+00 4.87001909e-01 0.00000000e+00 5.12998091e-01
  7.56424571e-06]
 [0.00000000e+00 0.00000000e+00 0.00000000e+00 0.00000000e+00
  6.26406951e-01 0.00000000e+00 0.00000000e+00 0.00000000e+00
  0.00000000e+00 0.00000000e+00 3.73593049e-01 0.00000000e+00
  2.45640468e-05]
 [0.00000000e+00 0.00000000e+00 0.00000000e+00 0.00000000e+00
  0.00000000e+00 0.00000000e+00 0.00000000e+00 0.00000000e+00
  3.97330122e-01 0.00000000e+00 0.00000000e+00 6.02669878e-01
  3.45365438e-05]
 [8.67361738e-19 0.00000000e+00 1.73472348e-18 0.00000000e+00
  0.00000000e+00 0.00000000e+00 0.00000000e+00 0.00000000e+00
  1.38777878e-17 2.77555756e-17 6.47257537e-01 3.52742463e-01
  4.28615328e-05]]
→ Best principal utility: 0.0006768033303966496
→ Inferred agent&principal utility:    0.0 0.0004126474770936832
→ Agent and principal score:    0 0.00020674168782769934
[*] Instance 2: 0.00020674168782769934
[*] Average:
7.446036548976197e-05
