[*] Running ...
[*] Dataset loaded: E:\Coding\pythonProject\llm4contract\problems\online_contract_edgeAI\dataset\train_01.pkl with 3 instances.
→ Best principal utility: 0.0006193891649213826
D:\Software\anaconda3\envs\llm4contract\lib\site-packages\scipy\optimize\_differentiable_functions.py:552: UserWarning: delta_grad == 0.0. Check if the approximated function is linear. If the function is linear better results can be obtained by defining the Hessian as zero instead of using quasi-Newton approximations.
  self.H.update(delta_x, delta_g)
D:\Software\anaconda3\envs\llm4contract\lib\site-packages\scipy\optimize\_differentiable_functions.py:317: UserWarning: delta_grad == 0.0. Check if the approximated function is linear. If the function is linear better results can be obtained by defining the Hessian as zero instead of using quasi-Newton approximations.
  self.H.update(self.x - self.x_prev, self.g - self.g_prev)
The running time is：6.5334 seconds
The inferred contract is [[3.38517932e-01 9.75948599e-03 6.22094350e-01 8.20486684e-03
  5.14188907e-03 4.68003337e-03 3.03104457e-03 1.71554666e-03
  2.36590739e-03 1.55562345e-03 1.75534459e-03 1.17797606e-03
  0.00000000e+00]
 [2.93489071e-02 9.35872081e-01 7.83052695e-03 9.32818716e-03
  5.03134547e-03 2.81926307e-03 1.96631041e-03 2.02120775e-03
  2.00345335e-03 1.47797696e-03 1.62242928e-03 6.78312027e-04
  0.00000000e+00]
 [7.93089477e-01 1.33915248e-01 1.89161932e-02 9.55118251e-03
  1.00036881e-02 7.47635613e-03 5.85385193e-03 5.11480299e-03
  4.28351125e-03 4.51490903e-03 3.93947359e-03 3.34130575e-03
  0.00000000e+00]
 [5.11670381e-01 4.64674366e-01 6.38904807e-03 4.38548007e-03
  1.90733445e-03 2.77834528e-03 2.29919426e-03 2.40146636e-03
  1.16956262e-03 7.74366647e-04 6.14344554e-04 9.36110425e-04
  0.00000000e+00]
 [3.41705893e-01 6.39807978e-01 4.77953628e-03 9.33145701e-04
  3.58183787e-03 8.79156996e-04 1.31880994e-03 1.21342934e-03
  1.74658464e-03 1.77739283e-03 1.56507342e-03 6.91161493e-04
  0.00000000e+00]
 [2.06583406e-03 7.49505991e-01 2.36510255e-01 2.37655537e-03
  1.63293552e-03 1.18084244e-03 1.21820621e-03 1.84489182e-03
  6.74500020e-04 1.29056617e-03 5.87490485e-04 1.11193221e-03
  0.00000000e+00]
 [7.33973890e-01 2.30136019e-01 1.73733880e-03 6.55589064e-03
  7.51246422e-03 1.65808164e-03 4.21763832e-03 2.86694566e-03
  2.39371938e-03 3.16938705e-03 2.99340003e-03 2.78522554e-03
  0.00000000e+00]
 [2.01335014e-01 1.34714807e-02 7.58774244e-01 1.33373106e-02
  3.12285221e-03 2.38607286e-03 1.50223813e-03 1.28735657e-03
  2.06889387e-03 1.40254789e-03 8.10204289e-04 5.01784950e-04
  0.00000000e+00]
 [8.66168359e-01 1.04394522e-01 6.19715883e-03 6.97630099e-03
  2.65294574e-03 2.91445067e-03 2.60228964e-03 2.28997118e-03
  2.05510606e-03 1.42792069e-03 1.34023061e-03 9.80744665e-04
  0.00000000e+00]
 [4.83726617e-01 1.31382208e-02 6.12039452e-04 4.82804766e-01
  1.96355299e-03 9.17432964e-03 1.27446687e-03 1.34521045e-03
  1.91132245e-03 1.18806477e-03 1.69939972e-03 1.16200971e-03
  0.00000000e+00]
 [1.76447402e-01 3.39219064e-03 5.09870630e-03 8.03874899e-01
  4.57650581e-03 1.62189303e-03 1.59054668e-03 5.71995842e-04
  8.51162136e-04 6.92519888e-04 8.42080532e-04 4.40098688e-04
  0.00000000e+00]
 [6.98078696e-01 1.20253963e-02 2.55414018e-01 6.80912162e-03
  1.94756042e-03 4.78365445e-03 3.85286027e-03 5.41836876e-03
  3.66856522e-03 2.83628131e-03 2.91630534e-03 2.24917239e-03
  0.00000000e+00]
 [5.90408139e-01 3.88965715e-01 4.75679495e-03 2.70316255e-03
  2.46573299e-03 2.49347258e-03 1.64548584e-03 1.80549917e-03
  1.59280914e-03 9.12337902e-04 1.29374193e-03 9.57108786e-04
  0.00000000e+00]
 [3.45287204e-01 1.60914118e-02 5.32839547e-03 6.10532339e-01
  5.01381682e-03 7.65856658e-03 3.40474781e-03 1.80930026e-03
  6.49721541e-04 1.02214585e-03 1.93532698e-03 1.26702424e-03
  0.00000000e+00]
 [1.31368967e-01 7.82522262e-01 2.64963338e-02 1.24427606e-02
  1.01251609e-02 9.50741029e-03 5.97270664e-03 6.02033139e-03
  4.99725139e-03 4.00523321e-03 4.04950207e-03 2.49208018e-03
  0.00000000e+00]
 [3.20537610e-03 3.34215551e-01 1.70884471e-03 6.46670163e-01
  6.01913085e-04 1.63471969e-03 1.34227261e-03 7.85271625e-03
  3.83464349e-04 9.08493977e-04 7.51827905e-04 7.24656766e-04
  0.00000000e+00]]
→ Best principal utility: 0.000402021517359155
→ Inferred agent&principal utility:    0.0 0.0004126474770936832
→ Agent and principal score:    0 0.00020674168782769934
[*] Instance 0: 0.00020674168782769934
[*] Dataset loaded: E:\Coding\pythonProject\llm4contract\problems\online_contract_edgeAI\dataset\train_02.pkl with 3 instances.
→ Best principal utility: 0.0006193891649213826
D:\Software\anaconda3\envs\llm4contract\lib\site-packages\scipy\optimize\_differentiable_functions.py:317: UserWarning: delta_grad == 0.0. Check if the approximated function is linear. If the function is linear better results can be obtained by defining the Hessian as zero instead of using quasi-Newton approximations.
  self.H.update(self.x - self.x_prev, self.g - self.g_prev)
D:\Software\anaconda3\envs\llm4contract\lib\site-packages\scipy\optimize\_differentiable_functions.py:552: UserWarning: delta_grad == 0.0. Check if the approximated function is linear. If the function is linear better results can be obtained by defining the Hessian as zero instead of using quasi-Newton approximations.
  self.H.update(delta_x, delta_g)
The running time is：2.8116 seconds
The inferred contract is [[5.37235971e-01 1.30089370e-02 3.88686747e-01 1.03809949e-02
  6.80300811e-03 1.25946904e-02 6.12017029e-03 6.51016989e-03
  6.57099868e-03 4.98898834e-03 3.92372028e-03 3.17560384e-03
  0.00000000e+00]
 [8.00216966e-01 1.14843177e-02 1.41695816e-01 9.82098443e-03
  6.68877458e-03 6.16111524e-03 5.89733061e-03 5.32411320e-03
  3.66917507e-03 3.18932269e-03 3.66251115e-03 2.18957306e-03
  0.00000000e+00]
 [4.49726372e-02 9.27556787e-01 1.35475402e-02 1.54055353e-03
  2.93863971e-03 2.66881668e-03 1.45944597e-03 1.29558034e-03
  1.46332291e-03 1.00232634e-03 1.10325497e-03 4.51094763e-04
  0.00000000e+00]
 [3.35233539e-01 8.52106023e-03 3.36178540e-03 6.36583992e-01
  5.89662314e-04 3.69647795e-03 3.15174077e-03 2.28191675e-03
  1.47876300e-03 1.55839465e-03 1.93824660e-03 1.60442150e-03
  0.00000000e+00]
 [3.39842252e-01 6.00623768e-01 1.13476643e-02 1.00652843e-02
  8.14235749e-03 6.13633293e-03 5.64761788e-03 5.05966835e-03
  4.09179384e-03 3.41633645e-03 2.82724883e-03 2.79967574e-03
  0.00000000e+00]
 [6.85718585e-01 3.01888518e-01 2.95851460e-03 2.65152526e-03
  1.86214112e-03 1.56647459e-03 4.88228015e-04 1.60085688e-03
  4.93516094e-04 7.99227871e-05 2.18690462e-04 4.73027957e-04
  0.00000000e+00]
 [3.47389471e-01 2.16858439e-02 5.59417747e-01 8.92438218e-03
  1.21895394e-02 8.45960545e-03 6.75318662e-03 1.60966674e-02
  6.59179464e-03 4.24770167e-03 4.11536258e-03 4.12869863e-03
  0.00000000e+00]
 [1.89067548e-01 7.95797581e-01 1.74275837e-03 1.39342563e-03
  2.49504247e-03 1.99263499e-03 1.57117647e-03 2.34820578e-03
  4.87916992e-04 8.09687994e-04 1.13379897e-03 1.16022277e-03
  0.00000000e+00]
 [4.85319257e-01 4.48743614e-01 1.99303503e-02 1.36314659e-02
  7.33173942e-03 7.47835042e-03 4.06391431e-03 2.69816107e-03
  2.98525337e-03 2.95064785e-03 2.19943354e-03 2.66781285e-03
  0.00000000e+00]
 [2.43303209e-01 1.70599159e-02 7.27874022e-01 2.21835038e-03
  2.40792176e-03 9.07359903e-04 1.58772215e-03 7.75401780e-04
  1.46457378e-03 6.15114131e-04 6.74298341e-04 1.11211093e-03
  0.00000000e+00]
 [6.28474637e-01 3.50853082e-01 4.67049595e-03 2.85318690e-03
  1.95215466e-03 2.69091534e-03 1.82097441e-03 2.18385976e-03
  1.71880655e-03 7.59825150e-04 9.20092154e-04 1.10197065e-03
  0.00000000e+00]
 [8.92075850e-01 2.07339796e-03 4.78917958e-04 9.17587276e-02
  2.57103015e-03 1.19730529e-03 1.48388665e-03 1.14620166e-03
  4.40692040e-03 1.14247295e-03 9.22603877e-04 7.42685390e-04
  0.00000000e+00]
 [2.17456309e-02 2.41959018e-02 9.30207990e-01 4.82710684e-03
  7.37972735e-03 2.32422037e-03 2.07048256e-03 1.21537686e-03
  1.83034508e-03 1.78861969e-03 1.67009093e-03 7.44507265e-04
  0.00000000e+00]]
→ Best principal utility: 0.0003852348779471766
→ Inferred agent&principal utility:    0.0 0.0004126474770936832
→ Agent and principal score:    0 0.00020674168782769934
[*] Instance 1: 0.00020674168782769934
[*] Dataset loaded: E:\Coding\pythonProject\llm4contract\problems\online_contract_edgeAI\dataset\train_03.pkl with 3 instances.
→ Best principal utility: 0.0006193891649213826
D:\Software\anaconda3\envs\llm4contract\lib\site-packages\scipy\optimize\_differentiable_functions.py:317: UserWarning: delta_grad == 0.0. Check if the approximated function is linear. If the function is linear better results can be obtained by defining the Hessian as zero instead of using quasi-Newton approximations.
  self.H.update(self.x - self.x_prev, self.g - self.g_prev)
D:\Software\anaconda3\envs\llm4contract\lib\site-packages\scipy\optimize\_differentiable_functions.py:552: UserWarning: delta_grad == 0.0. Check if the approximated function is linear. If the function is linear better results can be obtained by defining the Hessian as zero instead of using quasi-Newton approximations.
  self.H.update(delta_x, delta_g)
The running time is：1.8082 seconds
The inferred contract is [[6.69635429e-01 1.38015667e-02 2.88045038e-01 5.21957873e-03
  1.30264963e-03 1.13196895e-03 5.48228414e-03 3.20239801e-03
  3.52283579e-03 3.36527028e-03 2.78227851e-03 2.50870191e-03
  0.00000000e+00]
 [9.10493600e-01 2.44798514e-02 1.25622136e-02 7.82236431e-03
  1.01034603e-02 1.07138397e-02 4.74510277e-03 3.16026669e-03
  5.43628402e-03 3.32584578e-03 2.62291123e-03 4.53426025e-03
  0.00000000e+00]
 [8.30456209e-01 1.43298556e-01 7.20260199e-03 3.60618313e-03
  3.37820222e-03 2.73302573e-03 2.10216150e-03 1.50197052e-03
  1.41750783e-03 1.56475613e-03 1.36768016e-03 1.37114576e-03
  0.00000000e+00]
 [5.45060511e-03 3.57219371e-01 1.91427540e-03 6.20280113e-01
  3.14475124e-03 2.07446089e-03 1.04501345e-03 3.87242518e-03
  1.13427542e-03 1.30708072e-03 1.61232045e-03 9.45307653e-04
  0.00000000e+00]
 [2.24718929e-02 9.36859341e-01 1.09791971e-02 8.43287608e-03
  3.69995891e-03 3.96916719e-03 2.88693563e-03 2.67655906e-03
  2.40937222e-03 2.15488300e-03 2.14939554e-03 1.31042137e-03
  0.00000000e+00]
 [4.79276935e-01 4.73183503e-01 1.27833407e-02 6.86188950e-03
  7.43253558e-03 4.46561383e-03 4.00678067e-03 3.30284337e-03
  3.35184135e-03 1.83273021e-03 2.25954920e-03 1.24243757e-03
  0.00000000e+00]
 [2.16129687e-02 3.46479969e-01 6.11309889e-01 6.75614068e-03
  4.13905886e-03 3.63793896e-03 8.57263738e-04 8.01746437e-04
  1.27233041e-03 1.03845222e-03 1.26684952e-03 8.27391914e-04
  0.00000000e+00]
 [3.51209168e-01 1.59585438e-02 2.60631215e-03 6.11658192e-01
  5.73301521e-03 2.59799007e-03 2.99811173e-03 1.39777849e-03
  1.83068935e-03 1.56084837e-03 1.51208182e-03 9.37268616e-04
  0.00000000e+00]
 [1.65494121e-01 7.91858086e-01 1.31974268e-02 7.72203564e-03
  5.33077601e-03 3.84787623e-03 2.10180168e-03 2.44279726e-03
  2.67868360e-03 2.20087230e-03 1.65536174e-03 1.47016148e-03
  0.00000000e+00]
 [4.87496703e-01 1.71574113e-02 8.18572216e-03 4.53165871e-01
  7.00861714e-03 6.00439424e-03 2.17748020e-03 6.11423551e-03
  3.50400852e-03 2.13829995e-03 5.44999829e-03 1.59725799e-03
  0.00000000e+00]
 [1.67042556e-01 1.04510354e-02 8.05101285e-01 2.31393136e-03
  2.79778674e-03 2.22484791e-03 2.25450363e-03 2.34839038e-03
  1.52077132e-03 1.33518320e-03 1.62168943e-03 9.88019710e-04
  0.00000000e+00]
 [3.05160476e-01 1.77114605e-02 6.65720850e-01 2.61365472e-03
  2.91341645e-03 1.38740414e-03 8.84780086e-04 8.07272736e-04
  9.27593589e-04 1.04517579e-03 5.80177172e-04 2.47738451e-04
  0.00000000e+00]
 [3.94584050e-01 5.70600800e-01 9.93388957e-03 6.57883729e-03
  3.94425777e-03 2.62194240e-03 2.08134442e-03 1.68599539e-03
  2.30523328e-03 2.43156175e-03 1.85118773e-03 1.38090106e-03
  0.00000000e+00]
 [6.26063413e-01 3.55325347e-01 5.95315113e-03 1.82505633e-03
  3.08005100e-03 1.83131260e-03 1.28581836e-03 9.34871722e-04
  6.99669149e-04 1.17942711e-03 1.01430286e-03 8.07579676e-04
  0.00000000e+00]
 [3.33660560e-03 6.97868859e-01 3.81630726e-03 2.64364048e-01
  4.84026361e-03 1.11578889e-02 5.03155212e-03 3.60537485e-03
  8.55568899e-04 6.13951960e-04 2.37009456e-03 2.13948501e-03
  0.00000000e+00]
 [7.46694397e-01 2.92100154e-02 1.68133933e-01 8.83259859e-03
  8.59241077e-03 5.54462925e-03 7.14709752e-03 5.20942998e-03
  6.61716535e-03 5.58510770e-03 3.97409855e-03 4.45911640e-03
  0.00000000e+00]]
→ Best principal utility: 0.00039580368851924977
→ Inferred agent&principal utility:    0.0 0.0004126474770936832
→ Agent and principal score:    0 0.00020674168782769934
[*] Instance 2: 0.00020674168782769934
[*] Average:
0.00020674168782769932
