[*] Running ...
[*] Dataset loaded: E:\Coding\pythonProject\llm4contract\problems\online_contract_edgeAI\dataset\train_01.pkl with 3 instances.
→ Best principal utility: 0.0006193891649213826
The running time is：1.9781 seconds
The inferred contract is [[0.12332885 0.13730609 0.13977809 0.04492871 0.04400492 0.07839891
  0.12553371 0.07443532 0.05503474 0.05723994 0.03182971 0.088181
  0.        ]
 [0.086386   0.03846851 0.0891685  0.07472634 0.08567608 0.12289168
  0.14141936 0.04568618 0.11516734 0.08844968 0.07158584 0.04037449
  0.        ]
 [0.04662434 0.03875864 0.0859433  0.1034497  0.09946657 0.11176771
  0.05306565 0.09683675 0.11592595 0.0983977  0.04574022 0.10402348
  0.        ]
 [0.13854909 0.09255416 0.13878666 0.02926055 0.14596342 0.01307118
  0.04996402 0.08278785 0.11183292 0.08759909 0.08905802 0.02057303
  0.        ]
 [0.04855295 0.12093549 0.1123024  0.03302035 0.08180428 0.05213506
  0.04947704 0.16007911 0.03704211 0.12175958 0.0442442  0.13864744
  0.        ]
 [0.14240802 0.02616194 0.02697281 0.11438722 0.12544825 0.09547446
  0.05880164 0.06588336 0.07485279 0.07632885 0.05613652 0.13714415
  0.        ]
 [0.09399132 0.11740893 0.02657637 0.12995508 0.05645231 0.04019183
  0.11954043 0.08328264 0.09238232 0.10484108 0.04050517 0.09487253
  0.        ]
 [0.12163692 0.11721913 0.0401258  0.04790332 0.08009088 0.04851681
  0.10638262 0.09303169 0.1245824  0.09515041 0.05907296 0.06628708
  0.        ]
 [0.1185226  0.07981939 0.02760018 0.0646551  0.04088974 0.13446307
  0.08661842 0.02944757 0.08585119 0.12867222 0.13064641 0.07281412
  0.        ]
 [0.05251546 0.14169533 0.07281554 0.04025148 0.05660155 0.05407207
  0.03245836 0.12840032 0.09390144 0.08182584 0.12207239 0.12339019
  0.        ]
 [0.09363326 0.04597218 0.09711326 0.01171798 0.14463308 0.04232075
  0.0566317  0.04623432 0.16730326 0.04066454 0.13416335 0.11961233
  0.        ]
 [0.12567543 0.07332964 0.12634675 0.06671712 0.04090274 0.10057906
  0.06496567 0.14228732 0.05113731 0.04224603 0.04938346 0.11642947
  0.        ]
 [0.13931623 0.07897744 0.09425059 0.08013104 0.07929422 0.04117864
  0.03356667 0.12662196 0.07424926 0.09847821 0.07194121 0.08199453
  0.        ]
 [0.19586341 0.00413833 0.07130987 0.10665818 0.16036644 0.15612723
  0.06254287 0.01759307 0.0224936  0.00088873 0.1709468  0.03107146
  0.        ]
 [0.06629285 0.09379546 0.05230434 0.07714804 0.07312078 0.07027265
  0.13403942 0.12479663 0.02834976 0.0880529  0.11236782 0.07945936
  0.        ]]
→ Best principal utility: 0.0005368990325301749
→ Inferred agent&principal utility:    0.0 0.0004126474770936832
→ Agent and principal score:    0 0.00020674168782769934
[*] Instance 0: 0.00020674168782769934
[*] Dataset loaded: E:\Coding\pythonProject\llm4contract\problems\online_contract_edgeAI\dataset\train_02.pkl with 3 instances.
→ Best principal utility: 0.0006193891649213826
The running time is：0.5093 seconds
The inferred contract is [[0.05063987 0.0827949  0.12224357 0.02584616 0.07535915 0.0966216
  0.10859582 0.10706954 0.02458631 0.10094823 0.11360526 0.09168959
  0.        ]
 [0.01973905 0.10345193 0.06113456 0.11881636 0.06917205 0.06516406
  0.05685448 0.09252649 0.17694735 0.06940128 0.02858282 0.13820956
  0.        ]
 [0.15360698 0.06475833 0.05685678 0.05314623 0.14271912 0.09521251
  0.04133637 0.06554608 0.08848732 0.02982904 0.08942605 0.1190752
  0.        ]
 [0.14997301 0.09831191 0.05782138 0.03297619 0.06039965 0.044416
  0.12741978 0.07871871 0.09878821 0.10474827 0.07455708 0.07186982
  0.        ]
 [0.03824376 0.05198947 0.03367583 0.10246857 0.14241585 0.05461398
  0.13058491 0.03395322 0.0592771  0.14489111 0.1068325  0.10105369
  0.        ]
 [0.08265442 0.09237037 0.0647205  0.04633378 0.03581197 0.15368685
  0.07105192 0.13335044 0.11884581 0.06130075 0.01859978 0.12127341
  0.        ]
 [0.06820658 0.07533633 0.06545735 0.11058436 0.04286047 0.05871746
  0.10730228 0.10522834 0.07897082 0.09748965 0.09141793 0.09842843
  0.        ]
 [0.14305989 0.11697139 0.02399769 0.10424938 0.01633055 0.1239435
  0.0958663  0.06236151 0.04345499 0.07847685 0.07531109 0.11597688
  0.        ]
 [0.1174776  0.04598897 0.13113194 0.08253567 0.04302487 0.08210267
  0.07838038 0.05849751 0.11019824 0.10645665 0.07508708 0.06911841
  0.        ]
 [0.07650419 0.06277286 0.03807763 0.08480937 0.04160616 0.13321358
  0.11146749 0.11574154 0.10232255 0.09209876 0.1143963  0.02698957
  0.        ]
 [0.08258186 0.15547512 0.05607378 0.07968092 0.20590925 0.037604
  0.16391417 0.06552453 0.0750047  0.01800865 0.0239007  0.03632233
  0.        ]
 [0.07294684 0.09535327 0.14210507 0.03172998 0.07424344 0.11562713
  0.0709148  0.10643359 0.09435556 0.03618671 0.07233906 0.08776454
  0.        ]
 [0.06852916 0.19287633 0.056143   0.09008246 0.01486841 0.08622581
  0.06857386 0.0411925  0.12771166 0.04814982 0.11028997 0.09535702
  0.        ]
 [0.03993895 0.01841662 0.04453621 0.12372236 0.10373729 0.11622003
  0.06135047 0.12649315 0.01787078 0.10190743 0.12871116 0.11709554
  0.        ]
 [0.10810826 0.08898083 0.02383263 0.03155339 0.10947106 0.01355457
  0.16488778 0.14303235 0.07474339 0.06612935 0.02089256 0.15481384
  0.        ]]
→ Best principal utility: 0.0005471260938992933
→ Inferred agent&principal utility:    0.0 0.0004126474770936832
→ Agent and principal score:    0 0.00020674168782769934
[*] Instance 1: 0.00020674168782769934
[*] Dataset loaded: E:\Coding\pythonProject\llm4contract\problems\online_contract_edgeAI\dataset\train_03.pkl with 3 instances.
→ Best principal utility: 0.0006193891649213826
The running time is：0.3398 seconds
The inferred contract is [[0.15816938 0.1057347  0.12299056 0.0541022  0.05533998 0.05129681
  0.10895177 0.03319461 0.11884347 0.06180896 0.03336481 0.09620273
  0.        ]
 [0.08347518 0.03759477 0.04780843 0.12863814 0.03110472 0.0500366
  0.1202506  0.07206835 0.15548155 0.17207913 0.02897796 0.07248457
  0.        ]
 [0.07464602 0.11569212 0.09325249 0.01753531 0.10122077 0.09530554
  0.1213078  0.0213407  0.07437665 0.1011531  0.06385649 0.120313
  0.        ]
 [0.09700605 0.11971977 0.05160485 0.13376921 0.100005   0.15404598
  0.06046189 0.13915054 0.01503074 0.03627544 0.04076758 0.05216293
  0.        ]
 [0.128594   0.0875133  0.02498701 0.06720178 0.05995154 0.07964577
  0.14447755 0.06669042 0.10208833 0.05601556 0.07104849 0.11178625
  0.        ]
 [0.12939507 0.07648611 0.08410932 0.04169768 0.0612206  0.03570368
  0.05969884 0.14169168 0.10976815 0.10289983 0.06589815 0.0914309
  0.        ]
 [0.08124145 0.02950042 0.07403049 0.17282961 0.07786564 0.12284667
  0.08960812 0.09201198 0.1679344  0.05365314 0.03060049 0.0078776
  0.        ]
 [0.11984048 0.05211996 0.04874344 0.0587943  0.09819159 0.10159457
  0.08756408 0.14418637 0.04416769 0.03063447 0.13161454 0.08254851
  0.        ]
 [0.0582328  0.04729431 0.04742737 0.04864275 0.1082218  0.04582894
  0.08645403 0.13675093 0.1368975  0.09781094 0.11937166 0.06706697
  0.        ]
 [0.06614401 0.08828275 0.12316649 0.02842462 0.05991981 0.12815015
  0.06814608 0.14679281 0.02857744 0.08939035 0.06329969 0.1097058
  0.        ]
 [0.07457132 0.07656602 0.14147631 0.10119042 0.02978844 0.09512992
  0.13693091 0.07371479 0.1145811  0.05623706 0.02494405 0.07486966
  0.        ]
 [0.04524894 0.13072193 0.06564906 0.0681587  0.13574389 0.09072809
  0.12030795 0.10166809 0.04952972 0.03594458 0.1189335  0.03736554
  0.        ]
 [0.13416302 0.03815178 0.0675566  0.06577965 0.03707313 0.12943339
  0.07197534 0.06912114 0.10495718 0.02598565 0.10575682 0.15004629
  0.        ]
 [0.08241943 0.12299864 0.08266324 0.05767142 0.05021217 0.0558573
  0.03538247 0.08989237 0.11643575 0.08889265 0.11922773 0.09834684
  0.        ]
 [0.06585027 0.0755885  0.08740269 0.10559946 0.08509925 0.09399626
  0.0705575  0.10588261 0.07778402 0.10550841 0.07501969 0.05171132
  0.        ]]
→ Best principal utility: 0.0005459820252682364
→ Inferred agent&principal utility:    0.0 0.0004126474770936832
→ Agent and principal score:    0 0.00020674168782769934
[*] Instance 2: 0.00020674168782769934
[*] Average:
0.00020674168782769932
