[*] Running ...
[*] Dataset loaded: E:\Coding\pythonProject\llm4contract\problems\online_contract_edgeAI\dataset\train_01.pkl with 3 instances.
→ Best principal utility: 0.0006193891649213826
D:\Software\anaconda3\envs\llm4contract\lib\site-packages\sklearn\cluster\_kmeans.py:1419: UserWarning: KMeans is known to have a memory leak on Windows with MKL, when there are less chunks than available threads. You can avoid it by setting the environment variable OMP_NUM_THREADS=1.
  warnings.warn(
D:\Software\anaconda3\envs\llm4contract\lib\site-packages\sklearn\mixture\_base.py:269: ConvergenceWarning: Best performing initialization did not converge. Try different init parameters, or increase max_iter, tol, or check for degenerate data.
  warnings.warn(
The running time is：1.6301 seconds
The inferred contract is [[5.78623372e-04 0.00000000e+00 1.15038681e-05 0.00000000e+00
  1.19191132e-03 1.56065053e-03 6.00926606e-01 6.06102561e-03
  8.02759666e-03 1.15948494e-02 2.17012114e-01 1.53035119e-01
  4.52334431e-05]
 [1.72208183e-04 0.00000000e+00 3.42374834e-06 0.00000000e+00
  3.54733242e-04 4.64476351e-04 9.62426211e-03 5.46068374e-03
  7.52540603e-03 1.34549599e-02 3.91565365e-01 5.71374481e-01
  4.11148742e-05]
 [3.53759643e-04 0.00000000e+00 7.03325491e-06 0.00000000e+00
  7.28712822e-04 1.59581261e-02 3.79578293e-03 2.60839653e-02
  2.18197604e-02 6.60839521e-01 1.16355845e-02 2.58777754e-01
  4.40508930e-05]
 [1.59226230e-03 0.00000000e+00 3.16564845e-05 0.00000000e+00
  3.27991612e-03 4.29461717e-03 1.70846128e-02 3.94553389e-01
  2.20904321e-02 3.19068301e-02 4.24496090e-01 1.00670193e-01
  8.58651734e-05]
 [2.12301562e-03 0.00000000e+00 4.22086305e-05 0.00000000e+00
  4.37321989e-03 4.02887458e-01 2.27794753e-02 2.22379048e-02
  2.94538986e-02 4.25424245e-02 6.98281584e-02 4.03732236e-01
  6.27223020e-05]
 [3.18452344e-03 0.00000000e+00 6.39460751e-03 0.00000000e+00
  6.55982983e-03 8.58923119e-03 3.41692130e-02 3.33568573e-02
  4.41808479e-02 6.38136368e-02 1.04742238e-01 6.95009015e-01
  5.58502675e-05]
 [1.27380652e-03 0.00000000e+00 2.53251216e-05 0.00000000e+00
  2.65016532e-01 3.43568479e-03 1.36676855e-02 1.33427141e-02
  1.76724257e-02 1.50028881e-01 4.18968403e-02 4.93640105e-01
  1.07012986e-04]
 [2.06742778e-01 0.00000000e+00 6.33129457e-05 0.00000000e+00
  6.55982983e-03 8.58923119e-03 3.41692130e-02 3.33568573e-02
  4.41808479e-02 6.38136368e-02 1.04742238e-01 4.97782056e-01
  1.57292289e-04]
 [1.32634259e-02 0.00000000e+00 9.04289740e-06 0.00000000e+00
  9.36931104e-04 1.22678760e-03 4.88048632e-03 4.76431844e-03
  5.53097762e-01 9.11550391e-03 1.49604057e-02 3.97745336e-01
  5.90571612e-05]
 [6.36717612e-03 0.00000000e+00 1.26588698e-04 0.00000000e+00
  1.31158061e-02 1.71734166e-02 6.83183604e-02 6.66952814e-02
  8.83638932e-02 1.27651729e-01 2.09436656e-01 4.02751093e-01
  1.01137325e-04]
 [1.13600792e-02 0.00000000e+00 2.53248386e-05 0.00000000e+00
  2.62389674e-03 5.46814731e-02 1.36687606e-02 1.33431450e-02
  1.54689141e-01 2.55251123e-02 6.43547898e-01 8.05351696e-02
  8.59335283e-05]
 [6.36833193e-04 0.00000000e+00 1.26611677e-05 0.00000000e+00
  1.31181869e-03 1.71765341e-03 6.83457869e-03 4.68790769e-01
  8.84010571e-03 1.27695887e-02 2.09476067e-02 4.78138385e-01
  6.85429295e-05]]
→ Best principal utility: 0.000660330634885245
→ Inferred agent&principal utility:    0.0 0.0004126474770936832
→ Agent and principal score:    0 0.00020674168782769934
[*] Instance 0: 0.00020674168782769934
[*] Dataset loaded: E:\Coding\pythonProject\llm4contract\problems\online_contract_edgeAI\dataset\train_02.pkl with 3 instances.
→ Best principal utility: 0.0006193891649213826
D:\Software\anaconda3\envs\llm4contract\lib\site-packages\sklearn\cluster\_kmeans.py:1419: UserWarning: KMeans is known to have a memory leak on Windows with MKL, when there are less chunks than available threads. You can avoid it by setting the environment variable OMP_NUM_THREADS=1.
  warnings.warn(
The running time is：0.1523 seconds
The inferred contract is [[2.38326701e-04 4.76807194e-04 5.13952336e-04 0.00000000e+00
  7.09201562e-04 1.26261604e-03 3.73347858e-03 1.52987760e-03
  5.29817340e-02 4.59915282e-02 7.01627551e-01 1.90934927e-01
  6.37616904e-05]
 [2.30799366e-04 4.30278116e-03 4.97719613e-04 0.00000000e+00
  6.86802068e-04 3.25246214e-03 2.64165570e-03 2.78139784e-02
  3.03176870e-02 2.08494179e-02 8.50098828e-02 8.24396814e-01
  5.52185053e-05]
 [3.55928176e-03 1.38202426e-03 9.10612915e-04 0.00000000e+00
  1.25655252e-03 2.23711210e-03 1.23138619e-02 2.71061381e-03
  7.20192228e-01 8.92159538e-03 2.02155267e-02 2.26300591e-01
  4.00347796e-05]
 [1.83434743e-03 2.75283677e-01 3.95577643e-03 0.00000000e+00
  5.45856614e-03 9.71803534e-03 1.11395294e-02 1.17751264e-02
  2.51710887e-01 3.87523036e-02 2.69946190e-01 1.20425562e-01
  1.33207319e-04]
 [9.17072820e-04 1.83473743e-03 1.97767064e-03 0.00000000e+00
  2.72898284e-03 4.85848318e-03 5.56915199e-03 4.67413012e-01
  1.93682880e-02 1.93740229e-02 1.03687934e-01 3.72270643e-01
  5.51982968e-05]
 [6.87991587e-04 1.37642713e-03 1.48365618e-03 0.00000000e+00
  2.04729351e-03 3.64485293e-03 3.95791157e-01 4.41638688e-03
  1.45301614e-02 1.45344657e-02 2.48445505e-01 3.13042102e-01
  1.11563705e-04]
 [1.83991677e-03 8.45677120e-04 9.11558670e-04 0.00000000e+00
  1.25785756e-03 2.23984685e-03 2.56715423e-03 1.31001763e-02
  8.93047119e-03 6.81000165e-01 4.15480174e-02 2.45759159e-01
  5.03794613e-05]
 [1.37598319e-03 2.75285430e-03 2.96731240e-03 0.00000000e+00
  4.13553294e-01 7.28970591e-03 8.35599895e-03 8.83277388e-03
  2.90603212e-02 2.90689314e-02 6.58677587e-02 4.30875066e-01
  7.77053070e-05]
 [6.87832758e-04 1.37610937e-03 1.48331367e-03 0.00000000e+00
  2.04682088e-03 3.61995314e-01 4.18242237e-03 4.41536732e-03
  1.45268597e-02 1.45327015e-02 3.87842242e-01 2.06911016e-01
  5.02638407e-05]
 [1.65518279e-01 3.67047195e-03 3.95641605e-03 0.00000000e+00
  5.45944875e-03 9.71960668e-03 1.11413305e-02 1.17770304e-02
  3.87470882e-02 3.11364912e-01 3.18200333e-01 1.20445083e-01
  9.08717592e-05]
 [1.10078479e-03 2.20227991e-03 2.39758458e-01 0.00000000e+00
  3.27566440e-03 5.83175545e-03 6.68478892e-03 7.06620781e-03
  2.32482224e-02 1.69662160e-01 3.31360535e-01 2.09809144e-01
  8.75455179e-05]
 [2.75263461e-03 9.93138027e-02 5.93606585e-03 0.00000000e+00
  8.19116264e-03 1.45829520e-02 1.67160559e-02 1.76698373e-02
  5.81347523e-02 5.81519786e-02 5.37839337e-01 1.80711421e-01
  1.32529206e-04]]
→ Best principal utility: 0.0006500375077776709
→ Inferred agent&principal utility:    4.845706581814635e-05 0.00036419041127553687
→ Agent and principal score:    0 0.0002551987536458457
[*] Instance 1: 0.0002551987536458457
[*] Dataset loaded: E:\Coding\pythonProject\llm4contract\problems\online_contract_edgeAI\dataset\train_03.pkl with 3 instances.
→ Best principal utility: 0.0006193891649213826
D:\Software\anaconda3\envs\llm4contract\lib\site-packages\sklearn\cluster\_kmeans.py:1419: UserWarning: KMeans is known to have a memory leak on Windows with MKL, when there are less chunks than available threads. You can avoid it by setting the environment variable OMP_NUM_THREADS=1.
  warnings.warn(
The running time is：0.1487 seconds
The inferred contract is [[2.38382695e-03 3.36084921e-03 5.37685053e-04 7.50042234e-04
  4.79569679e-04 1.07788293e-02 6.04920887e-03 2.99891561e-03
  3.37693777e-03 1.02838086e-01 3.32598228e-02 8.33186227e-01
  1.89770307e-05]
 [3.35958950e-04 2.16164720e-04 5.50061181e-04 7.67306279e-04
  4.90608141e-04 1.04774597e-02 2.51162548e-03 2.85475378e-02
  1.06367497e-02 8.32107846e-03 7.17632774e-01 2.19512676e-01
  6.62220481e-05]
 [6.08589053e-04 3.91065144e-04 1.55007117e-02 1.38813929e-03
  8.87562705e-04 1.11022305e-03 4.28886716e-01 5.55007804e-03
  6.24986139e-03 1.50891081e-02 3.63770702e-02 4.87960875e-01
  3.85297901e-05]
 [3.84695370e-04 2.47499763e-04 6.29797555e-04 8.78534306e-04
  5.61726255e-04 7.02644930e-04 1.01883548e-02 3.51208496e-03
  3.95545149e-03 6.75048542e-01 4.49539926e-02 2.58936676e-01
  2.52876215e-05]
 [2.23982234e-03 1.44115936e-03 3.66723035e-03 5.11559254e-03
  3.30356850e-01 4.09141127e-03 1.67448512e-02 2.04499046e-02
  2.30320866e-02 5.54758382e-02 1.81737552e-01 3.55647701e-01
  9.15214265e-05]
 [1.67986652e-03 1.08086983e-03 2.75042355e-03 3.87506245e-01
  2.45314563e-03 3.06855933e-03 1.25586361e-02 1.53374239e-02
  1.72740698e-02 1.99403646e-01 2.51438603e-01 1.05448511e-01
  1.05424054e-04]
 [2.23982211e-03 1.44115983e-03 3.66723154e-03 5.11559419e-03
  3.27086097e-03 2.78046760e-01 1.67448487e-02 2.04498993e-02
  2.30320940e-02 4.48187141e-01 5.72065934e-02 1.40597995e-01
  7.83948673e-05]
 [2.12197995e-01 1.44115856e-03 3.66722831e-03 5.11558969e-03
  3.27085808e-03 4.09140899e-03 1.67448356e-02 2.04498835e-02
  2.30320737e-02 5.54757860e-02 5.72065504e-02 5.97306632e-01
  8.24084393e-05]
 [1.67986755e-03 1.08086907e-03 2.37700424e-01 3.83669280e-03
  2.45314391e-03 3.06855717e-03 1.25586437e-02 1.53374312e-02
  1.72740577e-02 1.85307850e-01 4.29049845e-02 4.76797477e-01
  1.18683327e-04]
 [3.35973319e-03 1.86113909e-01 5.50084733e-03 7.67339133e-03
  4.90629147e-03 6.13711892e-03 2.51172732e-02 3.06748491e-02
  3.50595971e-01 8.32137358e-02 8.58098904e-02 2.10896989e-01
  1.59297197e-04]
 [5.16740470e-04 3.32277208e-04 8.45525549e-04 1.17946346e-03
  7.54137416e-04 9.43325733e-04 3.87805516e-03 4.37043864e-01
  5.31033389e-03 4.22169908e-02 4.54154870e-02 4.61563799e-01
  6.92904184e-05]
 [6.10868161e-04 3.92972976e-04 9.99974369e-04 1.39491140e-03
  8.91892726e-04 1.11563933e-03 1.64329478e-02 5.57646421e-03
  5.63806052e-01 4.34707496e-02 1.56130587e-02 3.49694468e-01
  4.40421225e-05]]
→ Best principal utility: 0.0006857725081730276
→ Inferred agent&principal utility:    0.0 0.0004126474770936832
→ Agent and principal score:    0 0.00020674168782769934
[*] Instance 2: 0.00020674168782769934
[*] Average:
0.0002228940431004148
