[*] Running ...
[*] Dataset loaded: E:\Coding\pythonProject\llm4contract\problems\online_contract_edgeAI\dataset\train_01.pkl with 3 instances.
→ Best principal utility: 0.0006193891649213826
D:\Software\anaconda3\envs\llm4contract\lib\site-packages\sklearn\cluster\_kmeans.py:1419: UserWarning: KMeans is known to have a memory leak on Windows with MKL, when there are less chunks than available threads. You can avoid it by setting the environment variable OMP_NUM_THREADS=1.
  warnings.warn(
The running time is：0.7306 seconds
The inferred contract is [[0.00000000e+000 0.00000000e+000 0.00000000e+000 0.00000000e+000
  0.00000000e+000 0.00000000e+000 4.98720896e-001 0.00000000e+000
  0.00000000e+000 0.00000000e+000 5.01278989e-001 1.14525978e-007
  3.28484226e-005]
 [0.00000000e+000 0.00000000e+000 0.00000000e+000 0.00000000e+000
  1.25827431e-001 9.00432525e-002 0.00000000e+000 1.34289625e-001
  0.00000000e+000 6.49839692e-001 0.00000000e+000 0.00000000e+000
  1.00526277e-004]
 [2.03558255e-001 0.00000000e+000 6.33129457e-003 0.00000000e+000
  0.00000000e+000 0.00000000e+000 0.00000000e+000 1.25897110e-136
  0.00000000e+000 0.00000000e+000 0.00000000e+000 7.90110451e-001
  4.63367742e-005]
 [1.79356065e-001 0.00000000e+000 0.00000000e+000 0.00000000e+000
  0.00000000e+000 0.00000000e+000 0.00000000e+000 0.00000000e+000
  8.20643935e-001 0.00000000e+000 0.00000000e+000 0.00000000e+000
  3.71812331e-005]
 [0.00000000e+000 0.00000000e+000 2.31637749e-052 0.00000000e+000
  0.00000000e+000 0.00000000e+000 0.00000000e+000 1.52890986e-001
  0.00000000e+000 0.00000000e+000 3.64207504e-001 4.82901509e-001
  5.60930973e-005]
 [1.26080283e-002 0.00000000e+000 0.00000000e+000 0.00000000e+000
  0.00000000e+000 6.40581425e-002 0.00000000e+000 0.00000000e+000
  1.71273594e-001 0.00000000e+000 7.52060235e-001 5.51107965e-047
  5.60377179e-005]
 [0.00000000e+000 0.00000000e+000 6.65088604e-054 0.00000000e+000
  1.86896735e-001 2.38296782e-001 0.00000000e+000 6.29194373e-131
  0.00000000e+000 0.00000000e+000 0.00000000e+000 5.74806483e-001
  7.48167483e-005]
 [0.00000000e+000 0.00000000e+000 5.22927006e-056 0.00000000e+000
  0.00000000e+000 0.00000000e+000 0.00000000e+000 5.88678877e-143
  5.01854171e-001 0.00000000e+000 0.00000000e+000 4.98145829e-001
  4.51638540e-005]
 [0.00000000e+000 0.00000000e+000 1.09054958e-055 0.00000000e+000
  0.00000000e+000 0.00000000e+000 0.00000000e+000 1.22236359e-142
  0.00000000e+000 4.03754739e-001 0.00000000e+000 5.96245261e-001
  2.54061667e-005]
 [0.00000000e+000 0.00000000e+000 3.92480046e-056 0.00000000e+000
  0.00000000e+000 0.00000000e+000 6.40237728e-001 4.38452009e-143
  0.00000000e+000 0.00000000e+000 0.00000000e+000 3.59762272e-001
  3.24196363e-005]
 [0.00000000e+000 0.00000000e+000 4.06414171e-068 0.00000000e+000
  0.00000000e+000 0.00000000e+000 0.00000000e+000 5.98524798e-155
  0.00000000e+000 8.30391785e-001 0.00000000e+000 1.69608215e-001
  1.65969529e-005]
 [0.00000000e+000 0.00000000e+000 0.00000000e+000 0.00000000e+000
  0.00000000e+000 0.00000000e+000 0.00000000e+000 0.00000000e+000
  3.04472859e-001 6.95527141e-001 0.00000000e+000 0.00000000e+000
  2.13348254e-005]]
→ Best principal utility: 0.0006651996836514211
→ Inferred agent&principal utility:    0.0 0.0004126474770936832
→ Agent and principal score:    0 0.00020674168782769934
[*] Instance 0: 0.00020674168782769934
[*] Dataset loaded: E:\Coding\pythonProject\llm4contract\problems\online_contract_edgeAI\dataset\train_02.pkl with 3 instances.
→ Best principal utility: 0.0006193891649213826
D:\Software\anaconda3\envs\llm4contract\lib\site-packages\sklearn\cluster\_kmeans.py:1419: UserWarning: KMeans is known to have a memory leak on Windows with MKL, when there are less chunks than available threads. You can avoid it by setting the environment variable OMP_NUM_THREADS=1.
  warnings.warn(
The running time is：0.1298 seconds
The inferred contract is [[0.00000000e+000 0.00000000e+000 0.00000000e+000 0.00000000e+000
  0.00000000e+000 0.00000000e+000 2.69014900e-281 0.00000000e+000
  0.00000000e+000 8.87437877e-080 5.57006791e-001 4.42993209e-001
  4.75394447e-005]
 [1.43113528e-002 0.00000000e+000 1.91142272e-002 0.00000000e+000
  0.00000000e+000 0.00000000e+000 2.58941555e-227 9.64702577e-003
  0.00000000e+000 7.34747506e-001 1.97837895e-002 2.02396099e-001
  5.16858241e-005]
 [1.24280048e-174 9.17747967e-003 3.12890607e-002 0.00000000e+000
  0.00000000e+000 0.00000000e+000 2.96319475e-003 6.29541771e-002
  0.00000000e+000 3.82041620e-002 0.00000000e+000 8.55411926e-001
  5.35446564e-005]
 [1.02222503e-002 9.19972040e-002 0.00000000e+000 0.00000000e+000
  0.00000000e+000 0.00000000e+000 3.17697742e-002 0.00000000e+000
  8.66010771e-001 0.00000000e+000 0.00000000e+000 7.23619095e-132
  3.12569170e-005]
 [0.00000000e+000 0.00000000e+000 0.00000000e+000 0.00000000e+000
  5.45944961e-001 0.00000000e+000 6.29140635e-285 0.00000000e+000
  0.00000000e+000 1.62999749e-083 0.00000000e+000 4.54055039e-001
  1.99534718e-005]
 [0.00000000e+000 0.00000000e+000 0.00000000e+000 0.00000000e+000
  0.00000000e+000 0.00000000e+000 2.52815702e-286 5.53907128e-001
  0.00000000e+000 9.32526658e-108 7.17651464e-002 3.74327726e-001
  4.32622197e-005]
 [3.43169027e-002 5.04322072e-002 4.54811802e-002 0.00000000e+000
  0.00000000e+000 0.00000000e+000 1.41759318e-001 0.00000000e+000
  1.22999647e-001 0.00000000e+000 6.05010745e-001 1.23625757e-156
  1.04506359e-004]
 [0.00000000e+000 2.34563750e-002 2.46660243e-002 0.00000000e+000
  0.00000000e+000 1.45218749e-001 6.60546344e-003 0.00000000e+000
  0.00000000e+000 7.65232806e-003 7.92401061e-001 0.00000000e+000
  3.37961477e-005]
 [0.00000000e+000 0.00000000e+000 0.00000000e+000 0.00000000e+000
  0.00000000e+000 4.38551884e-001 4.98729178e-281 0.00000000e+000
  0.00000000e+000 1.65207712e-079 0.00000000e+000 5.61448116e-001
  5.40710890e-005]
 [0.00000000e+000 0.00000000e+000 0.00000000e+000 0.00000000e+000
  0.00000000e+000 0.00000000e+000 4.64249563e-001 0.00000000e+000
  0.00000000e+000 5.67039738e-134 0.00000000e+000 5.35750437e-001
  5.06966831e-005]
 [0.00000000e+000 0.00000000e+000 0.00000000e+000 0.00000000e+000
  0.00000000e+000 0.00000000e+000 0.00000000e+000 0.00000000e+000
  0.00000000e+000 4.42221529e-001 5.57778471e-001 0.00000000e+000
  2.37694621e-005]
 [0.00000000e+000 1.31737202e-016 0.00000000e+000 0.00000000e+000
  0.00000000e+000 0.00000000e+000 4.84859895e-281 0.00000000e+000
  5.03787485e-001 1.62437260e-079 0.00000000e+000 4.96212515e-001
  5.40941087e-005]]
→ Best principal utility: 0.0006460929485284704
→ Inferred agent&principal utility:    2.987524161995138e-06 0.0006164016407594875
→ Agent and principal score:    0 2.9875241618950712e-06
[*] Instance 1: 2.9875241618950712e-06
[*] Dataset loaded: E:\Coding\pythonProject\llm4contract\problems\online_contract_edgeAI\dataset\train_03.pkl with 3 instances.
→ Best principal utility: 0.0006193891649213826
D:\Software\anaconda3\envs\llm4contract\lib\site-packages\sklearn\cluster\_kmeans.py:1419: UserWarning: KMeans is known to have a memory leak on Windows with MKL, when there are less chunks than available threads. You can avoid it by setting the environment variable OMP_NUM_THREADS=1.
  warnings.warn(
The running time is：0.1532 seconds
The inferred contract is [[0.00000000e+000 0.00000000e+000 0.00000000e+000 0.00000000e+000
  0.00000000e+000 0.00000000e+000 0.00000000e+000 0.00000000e+000
  5.72023291e-001 0.00000000e+000 6.74602518e-126 4.27976709e-001
  3.20314877e-005]
 [0.00000000e+000 0.00000000e+000 0.00000000e+000 0.00000000e+000
  4.67296303e-002 0.00000000e+000 0.00000000e+000 0.00000000e+000
  8.38436208e-098 0.00000000e+000 5.19904946e-001 4.33365423e-001
  5.06794721e-005]
 [0.00000000e+000 0.00000000e+000 6.07422171e-002 5.26875627e-002
  0.00000000e+000 1.17409435e-001 1.82346346e-002 0.00000000e+000
  5.11109067e-112 6.63461793e-001 8.74643577e-002 2.93052278e-266
  5.96708074e-005]
 [0.00000000e+000 0.00000000e+000 0.00000000e+000 0.00000000e+000
  0.00000000e+000 0.00000000e+000 0.00000000e+000 4.68552998e-001
  8.83180074e-114 3.19261258e-002 3.42961762e-002 4.65224700e-001
  5.70922329e-005]
 [0.00000000e+000 0.00000000e+000 0.00000000e+000 0.00000000e+000
  0.00000000e+000 0.00000000e+000 0.00000000e+000 0.00000000e+000
  0.00000000e+000 4.71007717e-001 1.12870426e-124 5.28992283e-001
  7.43425567e-006]
 [0.00000000e+000 1.22634780e-001 0.00000000e+000 0.00000000e+000
  0.00000000e+000 0.00000000e+000 4.35146409e-002 0.00000000e+000
  7.29931358e-001 1.03919221e-001 0.00000000e+000 0.00000000e+000
  6.08929070e-005]
 [0.00000000e+000 1.61109028e-002 1.28651298e-001 0.00000000e+000
  0.00000000e+000 5.20684529e-002 0.00000000e+000 0.00000000e+000
  0.00000000e+000 0.00000000e+000 0.00000000e+000 8.03169346e-001
  6.15391085e-005]
 [0.00000000e+000 0.00000000e+000 8.01843771e-002 0.00000000e+000
  0.00000000e+000 0.00000000e+000 8.04705460e-001 0.00000000e+000
  0.00000000e+000 0.00000000e+000 1.15110163e-001 0.00000000e+000
  4.15296848e-005]
 [0.00000000e+000 0.00000000e+000 0.00000000e+000 5.82932663e-001
  0.00000000e+000 0.00000000e+000 0.00000000e+000 0.00000000e+000
  1.24291686e-143 0.00000000e+000 4.17067337e-001 0.00000000e+000
  3.99773202e-005]
 [2.23982212e-001 0.00000000e+000 0.00000000e+000 0.00000000e+000
  0.00000000e+000 0.00000000e+000 0.00000000e+000 0.00000000e+000
  0.00000000e+000 0.00000000e+000 2.72684843e-124 7.76017788e-001
  4.01050414e-005]
 [0.00000000e+000 0.00000000e+000 0.00000000e+000 0.00000000e+000
  0.00000000e+000 0.00000000e+000 3.50650817e-001 0.00000000e+000
  0.00000000e+000 0.00000000e+000 9.24572209e-125 6.49349183e-001
  9.70252667e-006]
 [0.00000000e+000 0.00000000e+000 0.00000000e+000 0.00000000e+000
  0.00000000e+000 3.93128279e-002 0.00000000e+000 1.03674477e-001
  2.86247445e-002 0.00000000e+000 8.28387950e-001 0.00000000e+000
  5.72011394e-005]]
→ Best principal utility: 0.0006781318735435992
→ Inferred agent&principal utility:    0.0 0.0004126474770936832
→ Agent and principal score:    0 0.00020674168782769934
[*] Instance 2: 0.00020674168782769934
[*] Average:
0.00013882363327243126
